Matrix: 1000, Time: 0.8229
Time: 
[1.0566, 1.0412, 1.0439, 1.3995, 1.1455, 1.2707]
Memory: 
[10.69, 5.34, 5.34, 8.8, 25.55, 10.69]
After Normalization: 
[(2, 0.12197213423453118), (3, 0.1221937845953415), (1, 0.1554960572224111), (4, 0.1737151239857176), (6, 0.1739655574752822), (5, 0.25265734248671645)]

Matrix: 1000, Time: 2.1419
Time: 
[0.5541, 0.5488, 0.5488, 0.5581, 0.6388, 0.6787]
Memory: 
[70.73, 66.91, 66.91, 66.91, 63.11, 41.6]
After Normalization: 
[(6, 0.15968723196843446), (3, 0.16449631729521116), (2, 0.16450406347048643), (4, 0.16608752768244345), (1, 0.16946647022093847), (5, 0.175758389362486)]

Matrix: 1000, Time: 0.0579
Time: 
[0.0013, 0.0011, 0.0011, 0.0013, 0.0208, 0.0093]
Memory: 
[83.94, 83.86, 83.86, 83.86, 77.02, 83.23]
After Normalization: 
[(3, 0.08584513941486163), (2, 0.08596404872942462), (4, 0.08985929230452838), (1, 0.090334407240002), (6, 0.22782312208679606), (5, 0.42017399022438734)]

Matrix: 1000, Time: 0.0165
Time: 
[0.0004, 0.0003, 0.0003, 0.0004, 0.0069, 0.0045]
Memory: 
[88.9, 88.89, 88.89, 88.89, 86.12, 88.71]
After Normalization: 
[(2, 0.08102041310133098), (3, 0.08147297670859407), (4, 0.08680433922650249), (1, 0.08785097343184926), (6, 0.27675768274388635), (5, 0.3860936147878368)]

Matrix: 1200, Time: 4.2507
Time: 
[1.816, 1.8062, 1.8029, 1.477, 1.9498, 2.0834]
Memory: 
[153.93, 146.24, 146.24, 152.71, 142.94, 94.18]
After Normalization: 
[(4, 0.15409013118974718), (6, 0.1593601057814834), (3, 0.16887294700334873), (2, 0.16905192918965892), (1, 0.17326971350046091), (5, 0.17535517333530087)]

Matrix: 1200, Time: 3.1399
Time: 
[0.9485, 0.9408, 0.9369, 0.9537, 1.079, 1.1428]
Memory: 
[157.23, 151.73, 151.73, 151.73, 146.25, 114.49]
After Normalization: 
[(3, 0.16317475163202938), (2, 0.16356511891763958), (4, 0.16485276210926825), (6, 0.16669212623589527), (1, 0.16685325483785926), (5, 0.17486198626730828)]

Matrix: 1200, Time: 0.0811
Time: 
[0.002, 0.0016, 0.0016, 0.0019, 0.0319, 0.0126]
Memory: 
[175.96, 175.84, 175.84, 175.84, 165.89, 174.95]
After Normalization: 
[(3, 0.08576302421617976), (2, 0.08587947899983728), (4, 0.08978068503018125), (1, 0.09042364121153337), (6, 0.2132594216571252), (5, 0.43489374888514315)]

Matrix: 1200, Time: 0.0213
Time: 
[0.0005, 0.0003, 0.0003, 0.0005, 0.0115, 0.0058]
Memory: 
[182.75, 182.73, 182.73, 182.73, 178.08, 182.5]
After Normalization: 
[(2, 0.07740654169718472), (3, 0.07752761928774067), (4, 0.0819998948299235), (1, 0.08206634065816938), (6, 0.25025946158979606), (5, 0.4307401419371857)]

Matrix: 1400, Time: 5.9921
Time: 
[2.8789, 2.858, 2.8484, 3.9946, 3.0734, 3.2727]
Memory: 
[197.93, 187.46, 187.46, 194.27, 182.98, 115.49]
After Normalization: 
[(6, 0.14710563556852763), (3, 0.1606703031261154), (2, 0.16097465199833677), (1, 0.16556669175716415), (5, 0.16612106993489), (4, 0.199561647614966)]

Matrix: 1400, Time: 4.1883
Time: 
[1.5, 1.4879, 1.4837, 1.5078, 1.6716, 1.7629]
Memory: 
[202.42, 194.94, 194.94, 194.94, 187.48, 143.49]
After Normalization: 
[(6, 0.16368693885914867), (3, 0.16430000761624214), (2, 0.16456688985261286), (4, 0.16583132789463628), (1, 0.16801011760663537), (5, 0.17360471817072468)]

Matrix: 1400, Time: 0.1077
Time: 
[0.0026, 0.0023, 0.0023, 0.0026, 0.046, 0.0162]
Memory: 
[227.53, 227.37, 227.37, 227.37, 213.7, 226.16]
After Normalization: 
[(3, 0.08651515797282627), (2, 0.08659056302694924), (4, 0.08929321630024332), (1, 0.08942659826176177), (6, 0.20185433872385206), (5, 0.44632012571436736)]

Matrix: 1400, Time: 0.0271
Time: 
[0.0005, 0.0004, 0.0004, 0.0005, 0.0169, 0.007]
Memory: 
[236.62, 236.6, 236.6, 236.6, 229.76, 236.32]
After Normalization: 
[(2, 0.0752731480966406), (3, 0.07555778072521362), (4, 0.0785770973957824), (1, 0.07858858255550938), (6, 0.231427990686289), (5, 0.46057540054056506)]

Matrix: 1600, Time: 7.8011
Time: 
[4.285, 4.2555, 4.2622, 5.6548, 4.5562, 4.7622]
Memory: 
[286.66, 272.98, 272.98, 281.87, 267.13, 177.93]
After Normalization: 
[(6, 0.1485070793004375), (2, 0.16193957903833112), (3, 0.1620853292530552), (1, 0.16608590850357352), (5, 0.16693434108663086), (4, 0.1944477628179718)]

Matrix: 1600, Time: 5.6797
Time: 
[2.2236, 2.2071, 2.206, 2.2281, 2.4623, 2.6014]
Memory: 
[292.52, 282.74, 282.74, 282.74, 272.98, 214.78]
After Normalization: 
[(3, 0.16447823951300403), (2, 0.16452342931917657), (6, 0.16481571008830292), (4, 0.1654273196775704), (1, 0.16763461887028216), (5, 0.17312068253166396)]

Matrix: 1600, Time: 0.1376
Time: 
[0.0036, 0.0033, 0.0032, 0.0036, 0.0843, 0.0189]
Memory: 
[324.79, 324.59, 324.59, 324.59, 306.54, 323.02]
After Normalization: 
[(3, 0.08387480539828714), (2, 0.08414002983071296), (4, 0.08598802940318975), (1, 0.08604215187347201), (6, 0.16395601444730168), (5, 0.49599896904703644)]

Matrix: 1600, Time: 0.0338
Time: 
[0.0005, 0.0004, 0.0004, 0.0005, 0.0251, 0.0083]
Memory: 
[336.24, 336.21, 336.21, 336.21, 326.31, 335.87]
After Normalization: 
[(2, 0.07351420556735187), (3, 0.07356685419848746), (4, 0.07602107518315637), (1, 0.07605869390242684), (6, 0.208655466403026), (5, 0.49218370474555145)]

Matrix: 1800, Time: 9.9243
Time: 
[6.0658, 6.0454, 6.0341, 4.9431, 6.4199, 6.7482]
Memory: 
[348.0, 330.69, 330.69, 345.26, 323.28, 209.32]
After Normalization: 
[(4, 0.15497944713666084), (6, 0.1560401337334516), (3, 0.16994693782023024), (2, 0.1701332658671209), (1, 0.17414109332649835), (5, 0.17475912211603806)]

Matrix: 1800, Time: 7.25
Time: 
[3.2432, 3.1393, 3.1251, 3.163, 3.4385, 3.6244]
Memory: 
[355.43, 343.06, 343.06, 343.06, 330.72, 256.29]
After Normalization: 
[(6, 0.1621975760071111), (3, 0.16461971279336687), (2, 0.1650501093612904), (4, 0.16577222526660407), (1, 0.17071746572864296), (5, 0.1716429108429846)]

Matrix: 1800, Time: 0.1753
Time: 
[0.005, 0.0045, 0.0044, 0.0051, 0.1121, 0.0246]
Memory: 
[395.64, 395.38, 395.38, 395.38, 372.3, 393.42]
After Normalization: 
[(3, 0.08451687583092889), (2, 0.08463263571186158), (1, 0.08663657555441664), (4, 0.08683481663718644), (6, 0.16184308103021433), (5, 0.49553601523539215)]

Matrix: 1800, Time: 0.0415
Time: 
[0.0006, 0.0004, 0.0004, 0.0006, 0.0364, 0.0096]
Memory: 
[410.06, 410.03, 410.03, 410.03, 396.81, 409.62]
After Normalization: 
[(2, 0.07213969504191066), (3, 0.07222012040270777), (1, 0.07403046526237134), (4, 0.07448691161681875), (6, 0.18712309797061857), (5, 0.519999709705573)]

Matrix: 2000, Time: 12.3995
Time: 
[8.308, 8.3104, 8.2888, 11.0415, 8.7393, 9.1457]
Memory: 
[482.56, 461.19, 461.19, 475.08, 452.03, 310.32]
After Normalization: 
[(6, 0.14890848694080128), (3, 0.16219679808244342), (2, 0.1624369844354636), (1, 0.16564557120099227), (5, 0.1658317682380758), (4, 0.19498039110222362)]

Matrix: 2000, Time: 8.6602
Time: 
[4.3094, 4.2859, 4.2762, 4.3178, 4.7014, 4.869]
Memory: 
[491.72, 476.45, 476.45, 476.45, 461.2, 368.62]
After Normalization: 
[(6, 0.16277169129796856), (3, 0.16515996106857356), (2, 0.16537619703231357), (4, 0.16609265667471412), (1, 0.16812449559066356), (5, 0.17247499833576668)]

Matrix: 2000, Time: 0.2155
Time: 
[0.0066, 0.006, 0.006, 0.0066, 0.1428, 0.0593]
Memory: 
[540.5, 540.18, 540.18, 540.18, 511.35, 537.9]
After Normalization: 
[(3, 0.08315730758587714), (2, 0.08324352524245605), (1, 0.08473693246435078), (4, 0.08476207927880894), (6, 0.22347732223453146), (5, 0.4406228331939756)]

Matrix: 2000, Time: 0.0496
Time: 
[0.0006, 0.0004, 0.0004, 0.0006, 0.05, 0.0108]
Memory: 
[557.94, 557.9, 557.9, 557.9, 540.35, 557.43]
After Normalization: 
[(3, 0.07127748626480836), (2, 0.07129568000540351), (1, 0.07278083617096243), (4, 0.07291034606857537), (6, 0.1695756611499481), (5, 0.5421599903403023)]

Matrix: 2200, Time: 14.6693
Time: 
[11.1219, 11.1556, 11.0856, 14.6611, 11.6625, 12.1235]
Memory: 
[553.08, 527.22, 527.22, 544.04, 516.15, 343.64]
After Normalization: 
[(6, 0.14694200571231583), (3, 0.1626551878114902), (2, 0.16324048495123994), (5, 0.16600525228949867), (1, 0.16639345244216613), (4, 0.19476361679328927)]

Matrix: 2200, Time: 10.7056
Time: 
[5.7355, 5.6767, 5.704, 5.7264, 6.2104, 6.4743]
Memory: 
[564.17, 545.7, 545.7, 545.7, 527.26, 414.48]
After Normalization: 
[(6, 0.16208977074406683), (2, 0.16531972354868535), (3, 0.16578098527697427), (4, 0.16615944001816593), (1, 0.16866308062818072), (5, 0.17198699978392687)]

Matrix: 2200, Time: 0.2693
Time: 
[0.0088, 0.0081, 0.0079, 0.0086, 0.178, 0.0352]
Memory: 
[622.6, 622.22, 622.22, 622.22, 587.31, 619.31]
After Normalization: 
[(3, 0.08665032465095712), (2, 0.08697572816678453), (4, 0.08831039636219983), (1, 0.08874285788277869), (6, 0.15266627875416577), (5, 0.49665441418311407)]

Matrix: 2200, Time: 0.0584
Time: 
[0.0007, 0.0005, 0.0005, 0.0007, 0.0879, 0.0122]
Memory: 
[643.74, 643.7, 643.7, 643.7, 621.9, 643.15]
After Normalization: 
[(3, 0.06991494621002407), (2, 0.06994988949706919), (1, 0.07088554937291652), (4, 0.07098280511458414), (6, 0.13825422645277746), (5, 0.5800125833526286)]

Matrix: 2400, Time: 17.4012
Time: 
[14.4739, 14.4119, 14.3905, 11.6848, 15.0946, 15.5956]
Memory: 
[642.12, 611.35, 611.35, 637.24, 598.17, 391.84]
After Normalization: 
[(6, 0.1541332464101945), (4, 0.15484641667239818), (3, 0.1708346304822235), (2, 0.17098435155042874), (5, 0.17425776117824943), (1, 0.17494359370650567)]

Matrix: 2400, Time: 12.8326
Time: 
[7.3749, 7.3659, 7.4944, 7.4578, 8.509, 8.2765]
Memory: 
[655.31, 633.33, 633.33, 633.33, 611.37, 476.44]
After Normalization: 
[(6, 0.15915430269837588), (2, 0.1646251344086239), (4, 0.16581167272054034), (3, 0.16628362948185343), (1, 0.16715493173316898), (5, 0.17697032895743747)]

Matrix: 2400, Time: 0.3063
Time: 
[0.0125, 0.0105, 0.0103, 0.0114, 0.214, 0.0398]
Memory: 
[723.8, 723.35, 723.35, 723.35, 681.48, 719.9]
After Normalization: 
[(3, 0.08814156754083714), (2, 0.08838403127909131), (4, 0.09028875413372717), (1, 0.09248496440110432), (6, 0.1471317515293042), (5, 0.49356893111593586)]

Matrix: 2400, Time: 0.0681
Time: 
[0.0007, 0.0005, 0.0005, 0.0008, 0.1152, 0.0136]
Memory: 
[748.44, 748.39, 748.39, 748.39, 720.91, 747.76]
After Normalization: 
[(3, 0.0695135562985759), (2, 0.06951464547290916), (1, 0.07034177495510573), (4, 0.07054064085582212), (6, 0.1292986950466144), (5, 0.5907906873709727)]

Matrix: 2600, Time: 21.4504
Time: 
[18.5826, 18.4633, 18.4913, 24.3194, 19.2531, 20.3422]
Memory: 
[728.5, 692.39, 692.39, 715.88, 676.92, 433.77]
After Normalization: 
[(6, 0.14621720205801061), (2, 0.16303603882926287), (3, 0.1631768278947936), (5, 0.16543258739417874), (1, 0.167301894366302), (4, 0.19483544945745218)]

Matrix: 2600, Time: 14.9416
Time: 
[9.4503, 9.3914, 9.3986, 9.4626, 10.1764, 10.417]
Memory: 
[744.0, 718.21, 718.21, 718.21, 692.45, 533.37]
After Normalization: 
[(6, 0.15894239377080305), (2, 0.16631215089246743), (3, 0.1663857740278177), (4, 0.16704536396163447), (1, 0.1694204752187361), (5, 0.1718938421285412)]

Matrix: 2600, Time: 0.3546
Time: 
[0.0143, 0.0133, 0.0132, 0.0147, 0.2453, 0.0473]
Memory: 
[823.67, 823.15, 823.15, 823.15, 774.12, 819.12]
After Normalization: 
[(3, 0.09005907532233576), (2, 0.09029702280950344), (1, 0.09208298668656706), (4, 0.09278662947813374), (6, 0.14858294460628385), (5, 0.4861913410971762)]

Matrix: 2600, Time: 0.0776
Time: 
[0.0008, 0.0006, 0.0006, 0.0008, 0.1377, 0.0439]
Memory: 
[852.33, 852.27, 852.27, 852.27, 819.06, 851.69]
After Normalization: 
[(3, 0.06897661198117745), (2, 0.06902160722952408), (1, 0.06962306191682964), (4, 0.06965774094001004), (6, 0.2100536121471063), (5, 0.5126673657853524)]

Matrix: 2800, Time: 24.4987
Time: 
[23.8363, 23.2199, 23.1437, 30.365, 24.0893, 24.9493]
Memory: 
[822.54, 780.66, 780.66, 807.89, 762.74, 479.72]
After Normalization: 
[(6, 0.14333656701235353), (3, 0.16324171674478202), (2, 0.16354728934477564), (5, 0.1654172240685543), (1, 0.16979728678630504), (4, 0.19465991604322946)]

Matrix: 2800, Time: 17.6807
Time: 
[11.8288, 11.8206, 11.8147, 11.843, 12.6638, 12.9469]
Memory: 
[840.51, 810.59, 810.59, 810.59, 780.72, 595.52]
After Normalization: 
[(6, 0.1577766217416844), (3, 0.166966945120246), (2, 0.16701514490185698), (4, 0.16719985087042355), (1, 0.16965759520261253), (5, 0.1713838421631766)]

Matrix: 2800, Time: 0.4157
Time: 
[0.0241, 0.017, 0.0168, 0.0178, 0.3037, 0.0558]
Memory: 
[931.77, 931.16, 931.16, 931.16, 874.1, 926.5]
After Normalization: 
[(3, 0.09051064470983053), (2, 0.09090602157223193), (4, 0.09192288721517153), (1, 0.10068040786545854), (6, 0.14401936049812253), (5, 0.481960678139185)]

Matrix: 2800, Time: 0.0947
Time: 
[0.0009, 0.0006, 0.0006, 0.0009, 0.1683, 0.0162]
Memory: 
[965.2, 965.13, 965.13, 965.13, 925.7, 964.33]
After Normalization: 
[(2, 0.06914719969659323), (3, 0.06919986354604078), (4, 0.06986082771197094), (1, 0.06990164232231155), (6, 0.11887578654860814), (5, 0.6030146801744753)]

Matrix: 3000, Time: 27.4404
Time: 
[28.9349, 28.3971, 28.4226, 22.851, 29.5915, 30.385]
Memory: 
[1052.44, 1004.36, 1004.36, 1044.81, 983.77, 658.01]
After Normalization: 
[(6, 0.15393563182673703), (4, 0.15403992144094636), (2, 0.17096381593697096), (3, 0.1710545468310743), (5, 0.17378208011025517), (1, 0.17622400385401615)]

Matrix: 3000, Time: 19.6518
Time: 
[14.5687, 14.7113, 14.5064, 14.668, 15.5453, 15.9935]
Memory: 
[1073.06, 1038.71, 1038.71, 1038.71, 1004.42, 791.13]
After Normalization: 
[(6, 0.15950807817037504), (3, 0.16614055425524624), (4, 0.16721800684192845), (2, 0.16750718754413163), (1, 0.1688515636009369), (5, 0.17077460958738178)]

Matrix: 3000, Time: 0.4723
Time: 
[0.0241, 0.0218, 0.021, 0.0226, 0.3424, 0.0659]
Memory: 
[1176.73, 1176.03, 1176.03, 1176.03, 1110.44, 1170.69]
After Normalization: 
[(3, 0.0926387012906732), (2, 0.09363830478224595), (4, 0.09454624724721158), (1, 0.0964458171852653), (6, 0.14646940117026647), (5, 0.4762615283243375)]

Matrix: 3000, Time: 0.1018
Time: 
[0.0009, 0.0007, 0.0007, 0.001, 0.1987, 0.0173]
Memory: 
[1214.25, 1214.17, 1214.17, 1214.17, 1166.94, 1213.28]
After Normalization: 
[(3, 0.06897706469746624), (2, 0.06899141342814709), (1, 0.06956394692623483), (4, 0.06977798053856982), (6, 0.11451780199912313), (5, 0.6081717924104588)]

Matrix: 3200, Time: 31.6294
Time: 
[34.5911, 34.5914, 34.3982, 45.9817, 35.7551, 36.5988]
Memory: 
[1182.83, 1128.13, 1128.13, 1163.69, 1104.7, 732.93]
After Normalization: 
[(6, 0.14447376063568096), (3, 0.163068747257963), (2, 0.16359117738343598), (5, 0.16528260888743618), (1, 0.16698765074563102), (4, 0.19659605508985284)]

Matrix: 3200, Time: 22.7166
Time: 
[17.6904, 18.3077, 17.6126, 17.8454, 18.912, 19.3362]
Memory: 
[1206.25, 1167.18, 1167.18, 1167.18, 1128.11, 884.89]
After Normalization: 
[(6, 0.15842019558304885), (3, 0.16579453389842375), (4, 0.16706748077456807), (1, 0.16854526549317808), (2, 0.16959610663129981), (5, 0.1705764176194814)]

Matrix: 3200, Time: 0.5357
Time: 
[0.0308, 0.0274, 0.0263, 0.028, 0.3898, 0.0781]
Memory: 
[1322.96, 1322.17, 1322.17, 1322.17, 1247.38, 1316.1]
After Normalization: 
[(3, 0.09450725984001988), (2, 0.09568165197787044), (4, 0.09624763580586414), (1, 0.09922357532171783), (6, 0.1477798113845402), (5, 0.46656006566998753)]

Matrix: 3200, Time: 0.1157
Time: 
[0.001, 0.0008, 0.0008, 0.001, 0.1564, 0.0191]
Memory: 
[1364.79, 1364.7, 1364.7, 1364.7, 1308.84, 1363.71]
After Normalization: 
[(3, 0.06964936268896006), (2, 0.06965735439889295), (1, 0.07038347295467066), (4, 0.07049887770178763), (6, 0.1310187916837227), (5, 0.5887921405719659)]

Matrix: 3400, Time: 36.1018
Time: 
[41.5247, 41.2842, 41.3503, 55.1311, 42.8282, 43.7925]
Memory: 
[1303.67, 1241.92, 1241.92, 1282.07, 1215.47, 794.78]
After Normalization: 
[(6, 0.14371691846779133), (2, 0.16332002454049235), (3, 0.1634692161223766), (5, 0.16530986641698983), (1, 0.16735154535143099), (4, 0.19683242910091892)]

Matrix: 3400, Time: 25.7913
Time: 
[21.4274, 21.2735, 21.3273, 21.3394, 22.6141, 23.1716]
Memory: 
[1330.13, 1286.02, 1286.02, 1286.02, 1241.93, 966.5]
After Normalization: 
[(6, 0.15827293334483206), (2, 0.16686805972129565), (3, 0.16711421245413632), (4, 0.1671697868405424), (1, 0.1699578038931426), (5, 0.170617203746051)]

Matrix: 3400, Time: 0.5998
Time: 
[0.0401, 0.0343, 0.0336, 0.0354, 0.4551, 0.089]
Memory: 
[1460.27, 1459.38, 1459.38, 1459.38, 1374.61, 1452.55]
After Normalization: 
[(3, 0.09671753621518726), (2, 0.09731738474459087), (4, 0.09823598380953763), (1, 0.10237493156401146), (6, 0.14470287309921986), (5, 0.46065129056745296)]

Matrix: 3400, Time: 0.1354
Time: 
[0.0011, 0.0008, 0.0008, 0.0011, 0.2725, 0.0205]
Memory: 
[1508.83, 1508.73, 1508.73, 1508.73, 1445.43, 1507.64]
After Normalization: 
[(3, 0.06879222884383819), (2, 0.0688394457751231), (4, 0.06938436431124384), (1, 0.06946983454507287), (6, 0.10859837273032985), (5, 0.6149157537943921)]

Matrix: 3600, Time: 39.9585
Time: 
[49.6799, 49.6584, 49.4676, 39.4737, 50.905, 53.4551]
Memory: 
[1433.4, 1364.17, 1364.17, 1422.42, 1334.51, 861.88]
After Normalization: 
[(6, 0.15390881635919448), (4, 0.15405986302268437), (3, 0.17155583599774998), (2, 0.1719471396525783), (5, 0.17297808730381425), (1, 0.1755502576639786)]

Matrix: 3600, Time: 28.7647
Time: 
[25.4044, 25.3566, 25.9292, 25.3482, 26.7066, 27.3521]
Memory: 
[1463.08, 1413.63, 1413.63, 1413.63, 1364.22, 1054.71]
After Normalization: 
[(6, 0.15707270549970306), (4, 0.16704450182035085), (2, 0.1670766711512387), (3, 0.1692777626842784), (1, 0.1696956312174625), (5, 0.16983272762696644)]

Matrix: 3600, Time: 0.6839
Time: 
[0.0473, 0.0418, 0.0417, 0.0437, 0.5098, 0.1041]
Memory: 
[1607.51, 1606.5, 1606.5, 1606.5, 1511.42, 1598.86]
After Normalization: 
[(3, 0.0991375782961513), (2, 0.09918511455994006), (4, 0.1006237183661602), (1, 0.1034265192327091), (6, 0.1462749848748927), (5, 0.45135208467014665)]

Matrix: 3600, Time: 0.1491
Time: 
[0.0012, 0.0009, 0.0009, 0.0013, 0.3093, 0.0219]
Memory: 
[1662.88, 1662.76, 1662.76, 1662.76, 1591.28, 1661.57]
After Normalization: 
[(3, 0.06873935498713388), (2, 0.06879861559382322), (1, 0.06936935625237559), (4, 0.06943982080357668), (6, 0.1062778446035412), (5, 0.6173750077595493)]

Matrix: 3800, Time: 45.5964
Time: 
[58.8298, 58.1899, 59.4014, 76.1623, 60.2292, 61.7532]
Memory: 
[1543.29, 1466.15, 1466.15, 1516.29, 1433.12, 905.53]
After Normalization: 
[(6, 0.1423995162325688), (2, 0.1636107817863357), (5, 0.16529118815660254), (3, 0.1655514952468471), (1, 0.16833947728907173), (4, 0.19480754128857414)]

Matrix: 3800, Time: 31.9036
Time: 
[30.6489, 29.7092, 29.8028, 29.9254, 31.3419, 32.7029]
Memory: 
[1576.39, 1521.29, 1521.29, 1521.29, 1466.28, 1120.69]
After Normalization: 
[(6, 0.1579292469532879), (2, 0.16653501585199826), (3, 0.16684001178192998), (4, 0.167239519997338), (5, 0.169333729082768), (1, 0.17212247633267788)]

Matrix: 3800, Time: 0.7462
Time: 
[0.0567, 0.0506, 0.0495, 0.0518, 0.5725, 0.1156]
Memory: 
[1735.68, 1734.57, 1734.57, 1734.57, 1628.55, 1726.06]
After Normalization: 
[(3, 0.1005426646139872), (2, 0.10124535298857568), (4, 0.10206959311852809), (1, 0.10540868298107461), (6, 0.1443919269698229), (5, 0.44634177932801156)]

Matrix: 3800, Time: 0.1662
Time: 
[0.0014, 0.001, 0.001, 0.0013, 0.3532, 0.0231]
Memory: 
[1796.92, 1796.79, 1796.79, 1796.79, 1715.12, 1795.49]
After Normalization: 
[(3, 0.06872001061538496), (2, 0.06874554702072283), (4, 0.06924275300139619), (1, 0.06932141548523393), (6, 0.10345636738487389), (5, 0.6205139064923881)]

Matrix: 4000, Time: 49.3373
Time: 
[68.4578, 68.1859, 68.2745, 88.8436, 69.835, 71.9077]
Memory: 
[1944.34, 1858.87, 1858.87, 1914.44, 1822.25, 1236.71]
After Normalization: 
[(6, 0.14558074647603053), (2, 0.16385269598524688), (3, 0.1639747710274201), (5, 0.1647473836796288), (1, 0.16744162948383118), (4, 0.19440277334784248)]

Matrix: 4000, Time: 35.2168
Time: 
[35.5207, 34.5234, 34.5429, 34.7894, 37.0512, 37.1284]
Memory: 
[1981.0, 1919.95, 1919.95, 1919.95, 1858.94, 1475.37]
After Normalization: 
[(6, 0.15760060400210746), (2, 0.1663383346326039), (3, 0.1663930519610087), (4, 0.1670858235417961), (5, 0.17123698106761043), (1, 0.17134520479487342)]

Matrix: 4000, Time: 0.835
Time: 
[0.063, 0.0597, 0.0598, 0.0622, 0.6391, 0.1304]
Memory: 
[2155.51, 2154.27, 2154.27, 2154.27, 2036.45, 2144.86]
After Normalization: 
[(2, 0.10265082011984433), (3, 0.1026908740798623), (4, 0.10411814660892668), (1, 0.10464265465352664), (6, 0.14419365314887939), (5, 0.4417038513889606)]

Matrix: 4000, Time: 0.1848
Time: 
[0.0015, 0.0011, 0.0011, 0.0014, 0.3981, 0.0253]
Memory: 
[2223.95, 2223.81, 2223.81, 2223.81, 2131.9, 2222.39]
After Normalization: 
[(3, 0.06861932139628824), (2, 0.06864804156224182), (4, 0.06911190333466083), (1, 0.06920489812375126), (6, 0.10249676290727003), (5, 0.6219190726757878)]

Matrix: 4200, Time: 56.5209
Time: 
[79.3311, 78.8625, 79.1757, 62.6937, 81.4058, 82.8549]
Memory: 
[2099.1, 2004.88, 2004.88, 2084.16, 1964.52, 1318.08]
After Normalization: 
[(6, 0.15300908951499287), (4, 0.15365925618970047), (2, 0.17178934715423522), (3, 0.1721940755866671), (5, 0.17366904478768616), (1, 0.17567918676671815)]

Matrix: 4200, Time: 39.2342
Time: 
[40.0915, 40.2412, 40.0508, 40.4299, 41.9378, 43.6598]
Memory: 
[2139.46, 2072.15, 2072.15, 2072.15, 2004.86, 1581.31]
After Normalization: 
[(6, 0.159275603155705), (3, 0.16692873747047549), (2, 0.16739229989423055), (4, 0.16785166755140069), (5, 0.1692694609358838), (1, 0.16928223099230452)]

Matrix: 4200, Time: 0.925
Time: 
[0.0719, 0.0696, 0.0692, 0.0726, 0.7068, 0.1458]
Memory: 
[2329.8, 2328.43, 2328.43, 2328.43, 2198.19, 2318.07]
After Normalization: 
[(3, 0.10387557985744739), (2, 0.10412066302850792), (1, 0.10533535212000145), (4, 0.10570463360855203), (6, 0.14405639704749384), (5, 0.43690737433799737)]

Matrix: 4200, Time: 0.1935
Time: 
[0.0015, 0.0012, 0.0011, 0.0016, 0.4364, 0.0256]
Memory: 
[2405.48, 2405.33, 2405.33, 2405.33, 2302.15, 2403.79]
After Normalization: 
[(3, 0.0686291439341906), (2, 0.06865393642461667), (1, 0.06903218435686029), (4, 0.06919355356152981), (6, 0.10000692458729776), (5, 0.6244842571355048)]

Matrix: 4400, Time: 60.9848
Time: 
[91.8695, 91.1711, 91.2495, 118.7978, 93.5889, 94.986]
Memory: 
[2264.07, 2160.65, 2160.65, 2227.88, 2116.36, 1405.86]
After Normalization: 
[(6, 0.1435681107973356), (2, 0.16410838733047894), (3, 0.1641892224146977), (5, 0.16516604082081043), (1, 0.1681821219403117), (4, 0.19478611669636559)]

Matrix: 4400, Time: 44.307
Time: 
[46.1429, 46.0313, 46.1712, 46.2882, 48.0745, 49.3745]
Memory: 
[2308.41, 2234.54, 2234.54, 2234.54, 2160.74, 1695.19]
After Normalization: 
[(6, 0.1577161859353467), (2, 0.16737085656905637), (3, 0.16766841730458154), (4, 0.16791734195326308), (5, 0.16942273348432266), (1, 0.16990446475342968)]

Matrix: 4400, Time: 1.0286
Time: 
[0.0875, 0.0844, 0.0834, 0.0867, 0.7806, 0.1652]
Memory: 
[2515.71, 2514.22, 2514.22, 2514.22, 2371.63, 2502.86]
After Normalization: 
[(3, 0.10622591969047644), (2, 0.1066636809800561), (4, 0.10775302807796698), (1, 0.10815550760234452), (6, 0.14401008868890341), (5, 0.42719177496025257)]

Matrix: 4400, Time: 0.2095
Time: 
[0.0016, 0.0013, 0.0012, 0.0016, 0.481, 0.0531]
Memory: 
[2598.99, 2598.83, 2598.83, 2598.83, 2484.29, 2597.29]
After Normalization: 
[(3, 0.06854905295190235), (2, 0.06858589060298531), (1, 0.06893070367238063), (4, 0.0689688411910104), (6, 0.1261197664380167), (5, 0.5988457451437046)]

Matrix: 4600, Time: 66.7477
Time: 
[105.0859, 104.3267, 104.0065, 135.8735, 108.0324, 108.917]
Memory: 
[2439.6, 2326.57, 2326.57, 2400.06, 2278.18, 1500.51]
After Normalization: 
[(6, 0.1433128798494691), (3, 0.16378799395854454), (2, 0.16407635763007472), (5, 0.16595488489081953), (1, 0.16816661357868906), (4, 0.19470127009240304)]

Matrix: 4600, Time: 46.9912
Time: 
[53.1208, 53.0104, 53.1883, 54.2193, 55.5127, 56.8693]
Memory: 
[2488.1, 2407.36, 2407.36, 2407.36, 2326.75, 1817.16]
After Normalization: 
[(6, 0.15715854787404102), (2, 0.16709499772316522), (3, 0.1674225965075571), (4, 0.16932047970714575), (5, 0.16937406986201248), (1, 0.16962930832607845)]

Matrix: 4600, Time: 1.1187
Time: 
[0.1042, 0.0981, 0.0971, 0.0998, 0.8863, 0.185]
Memory: 
[2711.91, 2710.27, 2710.27, 2710.27, 2553.8, 2697.87]
After Normalization: 
[(3, 0.10698653218934093), (2, 0.10737664125449628), (4, 0.10808622926388226), (1, 0.10990836486146527), (6, 0.142520207068757), (5, 0.42512202536205823)]

Matrix: 4600, Time: 0.2441
Time: 
[0.0019, 0.0014, 0.0014, 0.0018, 0.5446, 0.0553]
Memory: 
[2804.47, 2804.29, 2804.29, 2804.29, 2677.96, 2802.62]
After Normalization: 
[(3, 0.06851400425910782), (2, 0.06855317589695423), (4, 0.06893073202447254), (1, 0.06904900824297787), (6, 0.12182849763543402), (5, 0.6031245819410536)]

Matrix: 4800, Time: 73.763
Time: 
[119.6261, 118.3201, 118.3113, 93.5571, 122.2471, 124.0515]
Memory: 
[2579.69, 2456.63, 2456.63, 2560.17, 2403.95, 1556.22]
After Normalization: 
[(6, 0.15134480998743044), (4, 0.15371792070510834), (3, 0.17209876714594852), (2, 0.17210629028896096), (5, 0.1739874149712696), (1, 0.17674479690128214)]

Matrix: 4800, Time: 51.7589
Time: 
[61.1137, 60.379, 60.2246, 61.1719, 63.555, 64.9395]
Memory: 
[2632.42, 2544.51, 2544.51, 2544.51, 2456.66, 1901.15]
After Normalization: 
[(6, 0.15691660152308132), (3, 0.16689699669991245), (2, 0.16714641498711813), (4, 0.16842744599248916), (5, 0.16987453452062135), (1, 0.1707380062767776)]

Matrix: 4800, Time: 1.2092
Time: 
[0.1179, 0.1134, 0.1122, 0.1171, 0.9453, 0.2416]
Memory: 
[2873.93, 2872.16, 2872.16, 2872.16, 2701.72, 2858.79]
After Normalization: 
[(3, 0.10823581220001546), (2, 0.10866935126107735), (4, 0.11001103694805975), (1, 0.11037111960917989), (6, 0.1550676559004397), (5, 0.4076450240812279)]

Matrix: 4800, Time: 0.2505
Time: 
[0.0018, 0.0015, 0.0015, 0.002, 0.5841, 0.0322]
Memory: 
[2974.88, 2974.69, 2974.69, 2974.69, 2835.07, 2972.77]
After Normalization: 
[(3, 0.06859526240132312), (2, 0.06863429443744076), (1, 0.06896701813191507), (4, 0.06911116873587347), (6, 0.09818659808403024), (5, 0.6265056582094174)]

Matrix: 5000, Time: 21.5657
Time: 
[135.4059, 135.6459, 134.9844, 173.9231, 138.1156, 142.1602]
Memory: 
[267.07, 133.53, 133.53, 220.33, 638.87, 267.07]
After Normalization: 
[(3, 0.12631758004053767), (2, 0.12677945328381704), (1, 0.1587815208270692), (6, 0.16349260585176412), (4, 0.1743879612256226), (5, 0.2502408787711894)]

Matrix: 5000, Time: 55.4058
Time: 
[67.7805, 68.106, 67.6513, 68.1687, 71.01, 71.999]
Memory: 
[2012.31, 1916.92, 1916.92, 1916.92, 1821.65, 1218.16]
After Normalization: 
[(6, 0.14927117731435657), (3, 0.16885443345403164), (2, 0.16951221115888696), (4, 0.16960302149222503), (5, 0.17018597668414717), (1, 0.17257317989635262)]

Matrix: 5000, Time: 1.3019
Time: 
[0.1342, 0.1289, 0.1311, 0.1327, 1.0481, 0.2304]
Memory: 
[2271.99, 2270.06, 2270.06, 2270.06, 2085.13, 2255.44]
After Normalization: 
[(2, 0.11049910345854377), (3, 0.11122776868809206), (4, 0.11174291250273422), (1, 0.11231254764527035), (6, 0.14377245944767364), (5, 0.410445208257686)]

Matrix: 5000, Time: 0.2698
Time: 
[0.002, 0.0016, 0.0016, 0.002, 0.6524, 0.0325]
Memory: 
[2382.94, 2382.73, 2382.73, 2382.73, 2230.36, 2380.67]
After Normalization: 
[(3, 0.06876956693547479), (2, 0.06879643679231852), (1, 0.06911468320166751), (4, 0.06915274776318411), (6, 0.09554893838962175), (5, 0.6286176269177334)]

Matrix: 5200, Time: 85.5496
Time: 
[151.2851, 150.9064, 151.174, 195.1362, 154.0465, 157.369]
Memory: 
[2977.23, 2832.81, 2832.81, 2926.7, 2770.94, 1774.03]
After Normalization: 
[(6, 0.14239965865400778), (2, 0.16464155434520705), (3, 0.16480878766731763), (5, 0.1650685220688563), (1, 0.16846335846294108), (4, 0.19461811880167013)]

Matrix: 5200, Time: 60.437
Time: 
[78.1276, 77.6827, 77.8971, 77.7506, 80.6509, 82.1008]
Memory: 
[3039.16, 2935.99, 2935.99, 2935.99, 2832.9, 2179.51]
After Normalization: 
[(6, 0.15558884219378177), (2, 0.16794666107934497), (4, 0.1680326332913274), (3, 0.16821804004092594), (5, 0.16925645378299464), (1, 0.17095736961162528)]

Matrix: 5200, Time: 1.4103
Time: 
[0.1533, 0.1478, 0.147, 0.1518, 1.1257, 0.2593]
Memory: 
[3317.13, 3315.05, 3315.05, 3315.05, 3114.58, 3299.24]
After Normalization: 
[(3, 0.1118231156269753), (2, 0.11206087653756333), (4, 0.11327310376419608), (1, 0.11378427522348455), (6, 0.1454583545737822), (5, 0.4036002742739985)]

Matrix: 5200, Time: 0.3087
Time: 
[0.0023, 0.0018, 0.0017, 0.0022, 0.7099, 0.0605]
Memory: 
[3439.0, 3438.77, 3438.77, 3438.77, 3272.93, 3436.7]
After Normalization: 
[(3, 0.06853650715601133), (2, 0.06857197676226501), (4, 0.06892556988177992), (1, 0.06899542525580211), (6, 0.11377738813240446), (5, 0.6111931328117371)]

Matrix: 5400, Time: 90.2605
Time: 
[169.8947, 169.3893, 170.1481, 133.9141, 173.4505, 176.8777]
Memory: 
[3135.49, 2979.74, 2979.74, 3110.78, 2913.04, 1836.97]
After Normalization: 
[(6, 0.15013785421330966), (4, 0.15424576497106918), (2, 0.1725750259222424), (3, 0.17303315923620893), (5, 0.17345368560312255), (1, 0.17655451005404735)]

Matrix: 5400, Time: 65.5144
Time: 
[86.7245, 86.3522, 87.4918, 86.6406, 91.229, 90.9978]
Memory: 
[3202.27, 3091.01, 3091.01, 3091.01, 2979.86, 2274.56]
After Normalization: 
[(6, 0.15444249122121956), (2, 0.16759765516686542), (4, 0.1679244802629942), (3, 0.16888916491525785), (1, 0.17052958750196506), (5, 0.17061662093169794)]

Matrix: 5400, Time: 1.5093
Time: 
[0.1741, 0.1665, 0.1668, 0.1736, 1.2208, 0.3206]
Memory: 
[3499.23, 3496.98, 3496.98, 3496.98, 3280.63, 3480.07]
After Normalization: 
[(2, 0.11236775177482197), (3, 0.11244537508550123), (4, 0.11428651479660916), (1, 0.11446445602226989), (6, 0.15362346428582496), (5, 0.3928124380349728)]

Matrix: 5400, Time: 0.3134
Time: 
[0.0022, 0.0019, 0.0018, 0.0025, 0.7581, 0.0366]
Memory: 
[3631.13, 3630.88, 3630.88, 3630.88, 3449.78, 3628.54]
After Normalization: 
[(3, 0.06861000366893803), (2, 0.06863280586935037), (1, 0.0688826174374625), (4, 0.06907673299470383), (6, 0.09449835284268057), (5, 0.6302994871868647)]

Matrix: 5600, Time: 96.6451
Time: 
[189.2537, 190.8512, 190.2387, 243.5478, 193.2426, 196.387]
Memory: 
[3358.88, 3191.38, 3191.38, 3300.28, 3119.65, 1961.41]
After Normalization: 
[(6, 0.1411973728054874), (5, 0.16519366748323727), (3, 0.1652793641183239), (2, 0.16558474228932712), (1, 0.16848534029368778), (4, 0.19425951300993655)]

Matrix: 5600, Time: 69.4805
Time: 
[97.0091, 97.3393, 96.6253, 97.9249, 100.1659, 101.2253]
Memory: 
[3430.66, 3311.01, 3311.01, 3311.01, 3191.42, 2432.39]
After Normalization: 
[(6, 0.15413228956449573), (3, 0.16796613060162827), (2, 0.16869187043256095), (5, 0.16904573216630772), (4, 0.16928713020936217), (1, 0.17087684702564515)]

Matrix: 5600, Time: 1.5912
Time: 
[0.1934, 0.1892, 0.1874, 0.1932, 1.378, 0.3355]
Memory: 
[3747.49, 3745.07, 3745.07, 3745.07, 3512.52, 3726.77]
After Normalization: 
[(3, 0.11281250429986331), (2, 0.11325209266587505), (4, 0.11420721670081393), (1, 0.11431409698678979), (6, 0.14836349111030583), (5, 0.39705059823635214)]

Matrix: 5600, Time: 0.365
Time: 
[0.0029, 0.0022, 0.002, 0.0025, 0.8696, 0.0401]
Memory: 
[3889.86, 3889.6, 3889.6, 3889.6, 3692.82, 3887.1]
After Normalization: 
[(3, 0.06856045902464514), (2, 0.06868540323671732), (4, 0.06889250231632993), (1, 0.06914036956314341), (6, 0.09333948352051491), (5, 0.6313817823386493)]

Matrix: 5800, Time: 102.7106
Time: 
[210.4555, 211.7725, 210.4462, 270.7698, 214.7574, 218.4293]
Memory: 
[4107.6, 3927.92, 3927.92, 4044.73, 3850.92, 2607.72]
After Normalization: 
[(6, 0.14447874420903956), (3, 0.16439997774962248), (5, 0.16496439159478138), (2, 0.1649953380531814), (1, 0.16760318291274584), (4, 0.1935583654806293)]

Matrix: 5800, Time: 75.025
Time: 
[106.3814, 106.0713, 105.9439, 106.3599, 110.5328, 110.994]
Memory: 
[4184.68, 4056.33, 4056.33, 4056.33, 3928.09, 3112.99]
After Normalization: 
[(6, 0.15627065899624099), (3, 0.16771130789738126), (2, 0.16782960357871785), (4, 0.16809752215028712), (5, 0.16977892733299588), (1, 0.17031198004437692)]

Matrix: 5800, Time: 1.7299
Time: 
[0.2178, 0.2134, 0.2113, 0.2179, 1.4277, 0.3428]
Memory: 
[4521.63, 4519.04, 4519.04, 4519.04, 4269.65, 4499.42]
After Normalization: 
[(3, 0.11552553602002869), (2, 0.11600106114698627), (4, 0.11702333666691539), (1, 0.11704478505283931), (6, 0.14521791256396932), (5, 0.38918736854926106)]

Matrix: 5800, Time: 0.3602
Time: 
[0.0026, 0.0022, 0.0021, 0.0027, 0.9081, 0.0652]
Memory: 
[4676.3, 4676.02, 4676.02, 4676.02, 4464.06, 4673.49]
After Normalization: 
[(3, 0.06849033538591803), (2, 0.06851740307478611), (1, 0.06877622975338574), (4, 0.06882315134701017), (6, 0.10696927926426271), (5, 0.6184236011746372)]

Matrix: 6000, Time: 112.4483
Time: 
[233.2437, 233.0878, 233.4152, 182.6929, 238.1785, 241.2474]
Memory: 
[4283.97, 4091.69, 4091.69, 4253.47, 4009.29, 2677.78]
After Normalization: 
[(6, 0.15204551405562003), (4, 0.15317371289066256), (2, 0.17261183465460508), (3, 0.17275605726703053), (5, 0.17344658835208177), (1, 0.17596629278000003)]

Matrix: 6000, Time: 79.4992
Time: 
[119.5707, 119.3091, 118.5122, 119.6631, 124.0575, 125.2855]
Memory: 
[4366.44, 4229.09, 4229.09, 4229.09, 4091.82, 3218.9]
After Normalization: 
[(6, 0.1563309358117576), (3, 0.16732078810819395), (2, 0.1679790465843116), (4, 0.16827145475029076), (5, 0.1696476782144702), (1, 0.17045009653097587)]

Matrix: 6000, Time: 1.8844
Time: 
[0.2334, 0.2272, 0.2298, 0.2367, 1.537, 0.3658]
Memory: 
[4723.48, 4720.71, 4720.71, 4720.71, 4453.28, 4699.72]
After Normalization: 
[(2, 0.11551533593623498), (3, 0.11606840172428914), (1, 0.11687086984191505), (4, 0.11753520467763187), (6, 0.14460958443196742), (5, 0.38940060338796156)]

Matrix: 6000, Time: 0.4065
Time: 
[0.0031, 0.0024, 0.0023, 0.0031, 0.9822, 0.0582]
Memory: 
[4890.22, 4889.92, 4889.92, 4889.92, 4660.79, 4887.23]
After Normalization: 
[(3, 0.06850949343393703), (2, 0.06855481107590453), (4, 0.06894511418721305), (1, 0.06897030360872838), (6, 0.10035792824121818), (5, 0.6246623494529988)]

Matrix: 6200, Time: 121.3408
Time: 
[256.9368, 256.9763, 257.3761, 331.1447, 262.8156, 266.0508]
Memory: 
[4541.14, 4335.82, 4335.82, 4469.3, 4247.84, 2825.12]
After Normalization: 
[(6, 0.14350390836520052), (2, 0.16457675093646681), (3, 0.16472379324895736), (5, 0.16530279845668175), (1, 0.16787976813759653), (4, 0.19401298085509705)]

Matrix: 6200, Time: 84.3009
Time: 
[131.3179, 130.6194, 131.1028, 131.5914, 137.2131, 138.7094]
Memory: 
[4629.21, 4482.55, 4482.55, 4482.55, 4335.98, 3403.32]
After Normalization: 
[(6, 0.15669175149144865), (2, 0.1673501356944598), (3, 0.16771244472218533), (4, 0.1680786062823863), (5, 0.17002102190599114), (1, 0.17014603990352878)]

Matrix: 6200, Time: 1.9601
Time: 
[0.2575, 0.254, 0.2536, 0.2602, 1.6163, 0.4044]
Memory: 
[5006.82, 5003.86, 5003.86, 5003.86, 4717.89, 4981.47]
After Normalization: 
[(3, 0.11731174014741788), (2, 0.11737767417206706), (1, 0.11811325595413041), (4, 0.1186092856039637), (6, 0.14671173000524684), (5, 0.38187631411717415)]

Matrix: 6200, Time: 0.4089
Time: 
[0.003, 0.0025, 0.0025, 0.0031, 1.0341, 0.0677]
Memory: 
[5186.35, 5186.04, 5186.04, 5186.04, 4939.3, 5183.18]
After Normalization: 
[(3, 0.0685416053636873), (2, 0.06857386889460726), (1, 0.06882863501019619), (4, 0.06889020557256029), (6, 0.10364859870033336), (5, 0.6215170864586157)]

Matrix: 6400, Time: 127.9759
Time: 
[283.6901, 283.5878, 283.8385, 365.1675, 288.9076, 292.7034]
Memory: 
[4729.61, 4510.84, 4510.84, 4653.07, 4417.11, 2900.11]
After Normalization: 
[(6, 0.1427821329008237), (2, 0.16478862987820092), (3, 0.16487230003209252), (5, 0.16510643040609896), (1, 0.16822497970011954), (4, 0.19422552708266433)]

Matrix: 6400, Time: 92.294
Time: 
[144.5048, 143.088, 144.2576, 145.1458, 150.0503, 151.2467]
Memory: 
[4823.38, 4667.11, 4667.11, 4667.11, 4510.91, 3516.32]
After Normalization: 
[(6, 0.15570405154900663), (2, 0.16727319926300882), (3, 0.16807221095414637), (4, 0.16867898176165558), (5, 0.1697025737321204), (1, 0.17056898274006216)]

Matrix: 6400, Time: 2.1374
Time: 
[0.3048, 0.299, 0.298, 0.3046, 1.824, 0.4893]
Memory: 
[5222.45, 5219.3, 5219.3, 5219.3, 4914.62, 5195.58]
After Normalization: 
[(3, 0.11816514627055566), (2, 0.1183289779123755), (4, 0.1192949788471597), (1, 0.11937087260303092), (6, 0.15046985892721762), (5, 0.3743701654396606)]

Matrix: 6400, Time: 0.4346
Time: 
[0.0032, 0.0027, 0.0026, 0.0033, 1.129, 0.045]
Memory: 
[5416.02, 5415.68, 5415.68, 5415.68, 5151.77, 5412.53]
After Normalization: 
[(3, 0.0685557086547341), (2, 0.0685896082684474), (1, 0.06882433742427439), (4, 0.06886900648909233), (6, 0.08995119764235453), (5, 0.6352101415210972)]

Matrix: 6600, Time: 137.303
Time: 
[311.4091, 310.3506, 309.5168, 243.916, 315.4244, 318.9281]
Memory: 
[5008.22, 4775.56, 4775.56, 4971.31, 4675.86, 3061.61]
After Normalization: 
[(6, 0.15065986186089353), (4, 0.15380126500068583), (3, 0.17268142609957152), (2, 0.17295790471332914), (5, 0.17317771792286257), (1, 0.17672182440265738)]

Matrix: 6600, Time: 97.5932
Time: 
[158.8138, 156.8349, 156.6724, 158.1517, 161.6162, 164.6472]
Memory: 
[5107.98, 4941.78, 4941.78, 4941.78, 4775.67, 3717.29]
After Normalization: 
[(6, 0.15556332443318643), (3, 0.16779254692311585), (2, 0.1678944143170537), (5, 0.16855541235392946), (4, 0.16872021690533534), (1, 0.17147408506737918)]

Matrix: 6600, Time: 2.254
Time: 
[0.33, 0.3241, 0.3228, 0.3298, 1.9039, 0.5134]
Memory: 
[5528.77, 5525.42, 5525.42, 5525.42, 5201.24, 5500.2]
After Normalization: 
[(3, 0.11937954116763669), (2, 0.11958197941532814), (4, 0.12049871336660929), (1, 0.12058107198046306), (6, 0.14978643427792543), (5, 0.37017225979203744)]

Matrix: 6600, Time: 0.4563
Time: 
[0.0034, 0.0037, 0.0039, 0.004, 1.2024, 0.0484]
Memory: 
[5737.46, 5737.11, 5737.11, 5737.11, 5455.74, 5733.78]
After Normalization: 
[(1, 0.06882083678748652), (2, 0.06896457615924663), (3, 0.06908776029975942), (4, 0.0690981554595583), (6, 0.0901411342328909), (5, 0.6338875370610582)]

Matrix: 6800, Time: 144.5938
Time: 
[338.9948, 340.1201, 338.2593, 437.4133, 347.8584, 344.5334]
Memory: 
[5208.74, 4961.77, 4961.77, 5122.33, 4855.93, 3141.56]
After Normalization: 
[(6, 0.1407540741853497), (3, 0.1647718443495078), (2, 0.16529182809713638), (5, 0.16595574148301084), (1, 0.16847410069464444), (4, 0.19475241119035086)]

Matrix: 6800, Time: 101.4652
Time: 
[171.4772, 170.8263, 172.5099, 172.9298, 175.1191, 177.8736]
Memory: 
[5314.58, 5138.16, 5138.16, 5138.16, 4961.77, 3837.65]
After Normalization: 
[(6, 0.15453261608903107), (2, 0.16808674297273044), (5, 0.16817213957265423), (3, 0.16905732344273877), (4, 0.16929940348086114), (1, 0.17085177444198435)]

Matrix: 6800, Time: 2.4134
Time: 
[0.3574, 0.3487, 0.3482, 0.3574, 2.0225, 0.547]
Memory: 
[5757.4, 5753.85, 5753.85, 5753.84, 5409.34, 5727.07]
After Normalization: 
[(3, 0.11985649264500231), (2, 0.11993967249384853), (4, 0.12125373429515636), (1, 0.12128677151823229), (6, 0.1495073324561892), (5, 0.36815599659157133)]

Matrix: 6800, Time: 0.4875
Time: 
[0.0037, 0.0031, 0.003, 0.0037, 1.2863, 0.0498]
Memory: 
[5980.11, 5979.73, 5979.73, 5979.73, 5678.39, 5976.23]
After Normalization: 
[(3, 0.06858660102379567), (2, 0.06861670199985162), (4, 0.06888983460911435), (1, 0.06889653813297107), (6, 0.08933874944943648), (5, 0.6356715747848308)]

Matrix: 7000, Time: 43.0146
Time: 
[372.0518, 370.5588, 370.8276, 477.1319, 377.1522, 384.7532]
Memory: 
[523.43, 261.71, 261.71, 431.85, 1252.24, 523.43]
After Normalization: 
[(2, 0.12667877934760421), (3, 0.12674709577129795), (1, 0.159227606478792), (6, 0.16246714908894738), (4, 0.1747721418255061), (5, 0.25010722748785236)]

Matrix: 7000, Time: 106.6763
Time: 
[189.7904, 189.0687, 189.3953, 190.0514, 194.1661, 194.545]
Memory: 
[4003.93, 3816.99, 3816.99, 3816.99, 3630.12, 2438.28]
After Normalization: 
[(6, 0.14708002550643504), (5, 0.16903154188644448), (2, 0.16983790878897934), (3, 0.17000879440307365), (4, 0.17035197736831226), (1, 0.1736897520467552)]

Matrix: 7000, Time: 2.4761
Time: 
[0.3829, 0.381, 0.3769, 0.3848, 1.7654, 0.5552]
Memory: 
[4469.48, 4465.72, 4465.72, 4465.72, 4100.8, 4437.24]
After Normalization: 
[(3, 0.12645120552966485), (2, 0.12709051104751973), (1, 0.1274334192216901), (4, 0.12767331725374773), (6, 0.1538247004647726), (5, 0.33752684648260495)]

Matrix: 7000, Time: 0.524
Time: 
[0.0043, 0.0034, 0.0033, 0.0042, 0.9519, 0.0766]
Memory: 
[4709.19, 4708.79, 4708.79, 4708.79, 4389.59, 4705.23]
After Normalization: 
[(3, 0.0693567765273762), (2, 0.06939967744248149), (4, 0.06984924504488471), (1, 0.06989021539077986), (6, 0.11139388244008766), (5, 0.6101102031543901)]

Matrix: 7200, Time: 159.6414
Time: 
[401.8768, 403.6696, 403.8215, 315.6895, 411.1883, 416.6752]
Memory: 
[5722.63, 5445.74, 5445.74, 5678.69, 5327.09, 3402.95]
After Normalization: 
[(6, 0.15012982147240872), (4, 0.15372101684576295), (2, 0.1731525353426369), (3, 0.17319126149567865), (5, 0.1735399420159577), (1, 0.17626542282755508)]

Matrix: 7200, Time: 116.9865
Time: 
[207.7882, 206.0496, 206.5523, 208.2233, 212.8835, 211.9789]
Memory: 
[5841.36, 5643.58, 5643.58, 5643.58, 5445.9, 4184.3]
After Normalization: 
[(6, 0.15312215786978095), (2, 0.16829840801706175), (3, 0.1685390259669058), (5, 0.16912936264105652), (4, 0.16933886625724587), (1, 0.1715721792479491)]

Matrix: 7200, Time: 2.577
Time: 
[0.4353, 0.4285, 0.4278, 0.4388, 2.265, 0.6305]
Memory: 
[6329.88, 6325.89, 6325.89, 6325.89, 5939.78, 6295.77]
After Normalization: 
[(3, 0.12288840950306398), (2, 0.12297308120821596), (1, 0.12390621045825731), (4, 0.12430905470522563), (6, 0.1488522627313159), (5, 0.3570709813939211)]

Matrix: 7200, Time: 0.5349
Time: 
[0.0041, 0.0035, 0.0035, 0.0045, 1.0173, 0.0778]
Memory: 
[6584.76, 6584.34, 6584.34, 6584.34, 6244.0, 6580.59]
After Normalization: 
[(3, 0.06911625485566546), (2, 0.06916275305402127), (1, 0.06944928796358857), (4, 0.06966714824363131), (6, 0.1092444221469123), (5, 0.6133601337361811)]

Matrix: 7400, Time: 166.6607
Time: 
[437.1402, 435.765, 433.9377, 563.8117, 444.5391, 448.2737]
Memory: 
[6047.77, 5755.29, 5755.29, 5945.44, 5629.95, 3596.49]
After Normalization: 
[(6, 0.1412817120649829), (3, 0.16455197154368395), (2, 0.16494872283323025), (5, 0.1653219989614429), (1, 0.1688217098971714), (4, 0.1950738846994886)]

Matrix: 7400, Time: 121.9692
Time: 
[226.8319, 225.0113, 226.1552, 225.7606, 230.8787, 230.8943]
Memory: 
[6173.16, 5964.23, 5964.23, 5964.23, 5755.4, 4422.08]
After Normalization: 
[(6, 0.15310728981203056), (2, 0.16853636954746398), (5, 0.16867500237012845), (4, 0.16886559711196986), (3, 0.1690389850259867), (1, 0.17177675613242044)]

Matrix: 7400, Time: 2.7961
Time: 
[0.4723, 0.4672, 0.4653, 0.4821, 2.4149, 0.6757]
Memory: 
[6684.89, 6680.69, 6680.69, 6680.69, 6272.5, 6648.88]
After Normalization: 
[(3, 0.12348651468346715), (2, 0.12371709312698362), (1, 0.12437119898349401), (4, 0.12551579228220233), (6, 0.14852704066469022), (5, 0.3543823602591627)]

Matrix: 7400, Time: 0.5712
Time: 
[0.0044, 0.0038, 0.0037, 0.0045, 1.4984, 0.0799]
Memory: 
[6957.83, 6957.38, 6957.38, 6957.38, 6597.32, 6953.44]
After Normalization: 
[(3, 0.06863779755189178), (2, 0.06867323165403051), (1, 0.06891293819141293), (4, 0.06894432422455565), (6, 0.09727305375313954), (5, 0.6275586546249696)]

Matrix: 7600, Time: 176.1056
Time: 
[476.1441, 475.517, 476.7711, 610.9276, 483.9341, 489.1223]
Memory: 
[6272.46, 5963.96, 5963.96, 6164.52, 5831.76, 3685.91]
After Normalization: 
[(6, 0.14093523643119346), (2, 0.1651188147273449), (5, 0.16523459105371907), (3, 0.16536860379362983), (1, 0.16888572862956625), (4, 0.19445702536454648)]

Matrix: 7600, Time: 125.2417
Time: 
[245.002, 244.1061, 243.5747, 245.2046, 249.5096, 248.1959]
Memory: 
[6404.81, 6184.44, 6184.44, 6184.44, 5964.25, 4557.08]
After Normalization: 
[(6, 0.15229756575018832), (5, 0.16869636865078977), (3, 0.16876561246030833), (2, 0.16898166783948765), (4, 0.16942836832640168), (1, 0.17183041697282425)]

Matrix: 7600, Time: 2.8988
Time: 
[0.5149, 0.5103, 0.508, 0.5182, 2.5683, 0.7265]
Memory: 
[6940.13, 6935.69, 6935.69, 6935.69, 6504.85, 6902.16]
After Normalization: 
[(3, 0.12442497876830094), (2, 0.12468631712106215), (1, 0.12523557623696224), (4, 0.1255725962043345), (6, 0.1486153190879072), (5, 0.35146521258143293)]

Matrix: 7600, Time: 0.6029
Time: 
[0.0047, 0.0041, 0.0039, 0.0048, 1.1331, 0.0827]
Memory: 
[7228.68, 7228.21, 7228.21, 7228.21, 6844.8, 7224.07]
After Normalization: 
[(3, 0.06917567398508728), (2, 0.06925292928000396), (1, 0.06954405439243305), (4, 0.06959732942676645), (6, 0.10744614346749196), (5, 0.6149838694482173)]

Matrix: 7800, Time: 184.6686
Time: 
[513.9694, 514.3887, 513.9301, 401.324, 522.3877, 526.5856]
Memory: 
[6623.09, 6298.14, 6298.14, 6571.53, 6158.89, 3897.64]
After Normalization: 
[(6, 0.1490695154990591), (4, 0.15379142763913753), (3, 0.17331785517904452), (2, 0.17340979894965858), (5, 0.17345973875566179), (1, 0.17695166397743844)]

Matrix: 7800, Time: 132.2384
Time: 
[263.4967, 264.1043, 264.4202, 262.3311, 269.7582, 273.2944]
Memory: 
[6762.37, 6530.25, 6530.25, 6530.25, 6298.2, 4815.45]
After Normalization: 
[(6, 0.15406221377978324), (4, 0.16825178854692888), (5, 0.16856401471691007), (2, 0.1689178160398418), (3, 0.16903646251394183), (1, 0.1711677044025942)]

Matrix: 7800, Time: 3.0905
Time: 
[0.5591, 0.5525, 0.5512, 0.5646, 2.7098, 0.7697]
Memory: 
[7322.11, 7317.44, 7317.44, 7317.44, 6863.77, 7282.13]
After Normalization: 
[(3, 0.1253591477152638), (2, 0.12549610929955307), (1, 0.12623696637686035), (4, 0.1267713237457715), (6, 0.14800809344434793), (5, 0.34812835941820336)]

Matrix: 7800, Time: 0.6234
Time: 
[0.0049, 0.0043, 0.0042, 0.0054, 1.6947, 0.0884]
Memory: 
[7629.13, 7628.64, 7628.64, 7628.64, 7223.73, 7624.3]
After Normalization: 
[(3, 0.06865379116438572), (2, 0.06869142267619863), (1, 0.0689156967831685), (4, 0.06905289093443734), (6, 0.09667067355243034), (5, 0.6280155248893795)]

Matrix: 8000, Time: 197.9999
Time: 
[557.2106, 557.8883, 555.7878, 713.0933, 564.2785, 569.1201]
Memory: 
[7883.84, 7542.01, 7542.01, 7764.23, 7395.56, 5015.91]
After Normalization: 
[(6, 0.14358579686030343), (3, 0.16473195662145645), (5, 0.1648224742595788), (2, 0.16509025233790373), (1, 0.1681438690835924), (4, 0.19362565083716518)]

Matrix: 8000, Time: 139.8906
Time: 
[285.0383, 284.1844, 285.2708, 286.5826, 292.4782, 294.246]
Memory: 
[8030.38, 7786.21, 7786.21, 7786.21, 7542.16, 5981.64]
After Normalization: 
[(6, 0.15545390597592618), (2, 0.1680316505407557), (3, 0.16840891992869056), (5, 0.1687382417723354), (4, 0.16886445907687303), (1, 0.17050282270541908)]

Matrix: 8000, Time: 3.2148
Time: 
[0.6063, 0.599, 0.6055, 0.6074, 2.863, 0.8258]
Memory: 
[8614.84, 8609.93, 8609.93, 8609.93, 8132.82, 8572.79]
After Normalization: 
[(2, 0.12618044273200935), (3, 0.12682330997221392), (1, 0.12693798145064383), (4, 0.12700819247781642), (6, 0.14816998238014278), (5, 0.34488009098717365)]

Matrix: 8000, Time: 0.6652
Time: 
[0.0056, 0.0045, 0.0045, 0.0055, 1.781, 0.0916]
Memory: 
[8939.58, 8939.06, 8939.06, 8939.06, 8510.7, 8934.52]
After Normalization: 
[(3, 0.06861930055625058), (2, 0.06864597945641482), (4, 0.06893770849932433), (1, 0.06900003515746775), (6, 0.0962249979862367), (5, 0.6285719783443058)]

Matrix: 8200, Time: 204.9362
Time: 
[597.0416, 597.8344, 597.1878, 767.0738, 605.936, 610.8581]
Memory: 
[8126.66, 7767.52, 7767.52, 8001.01, 7613.62, 5112.6]
After Normalization: 
[(6, 0.1431370092638766), (3, 0.1648889825223671), (5, 0.1648922490697223), (2, 0.1649917181751285), (1, 0.16810198627658218), (4, 0.19398805469232333)]

Matrix: 8200, Time: 147.5731
Time: 
[306.9372, 304.9543, 306.218, 306.7934, 313.621, 318.0185]
Memory: 
[8280.63, 8024.1, 8024.1, 8024.1, 7767.66, 6127.51]
After Normalization: 
[(6, 0.15577453857177212), (2, 0.16795602374187202), (3, 0.1683644253108056), (5, 0.1685390039546353), (4, 0.1685503978305189), (1, 0.17081561059039607)]

Matrix: 8200, Time: 3.3803
Time: 
[0.6538, 0.6458, 0.6562, 0.655, 3.0406, 0.8879]
Memory: 
[8889.52, 8884.36, 8884.36, 8884.36, 8382.46, 8845.36]
After Normalization: 
[(2, 0.126596184758661), (1, 0.1273682284623755), (4, 0.12744018724896625), (3, 0.127550926183861), (6, 0.1485136343327777), (5, 0.3425308390133585)]

Matrix: 8200, Time: 0.6881
Time: 
[0.0056, 0.0048, 0.0047, 0.0057, 1.8605, 0.0907]
Memory: 
[9236.08, 9235.53, 9235.53, 9235.53, 8785.77, 9230.78]
After Normalization: 
[(3, 0.06865100409632711), (2, 0.06868944962976614), (1, 0.06891088598278569), (4, 0.06895639164629247), (6, 0.09478421931613591), (5, 0.6300080493286927)]

Matrix: 8400, Time: 216.3348
Time: 
[646.7853, 640.5239, 645.5928, 500.524, 652.7253, 660.4612]
Memory: 
[8510.38, 8133.51, 8133.51, 8450.58, 7972.04, 5346.62]
After Normalization: 
[(6, 0.1517157060478063), (4, 0.15277653528628254), (2, 0.172472066083119), (5, 0.17303847712573805), (3, 0.17328382890472588), (1, 0.17671338655232827)]

Matrix: 8400, Time: 153.915
Time: 
[323.8185, 322.6808, 324.2344, 324.5575, 328.6709, 333.2606]
Memory: 
[8671.9, 8402.71, 8402.71, 8402.71, 8133.61, 6411.81]
After Normalization: 
[(6, 0.15512563741730787), (5, 0.1679408697618245), (2, 0.16832739160712457), (3, 0.16880364051541288), (4, 0.1689026983627916), (1, 0.17089976233553855)]

Matrix: 8400, Time: 3.504
Time: 
[0.7057, 0.697, 0.6929, 0.7086, 3.1906, 0.9423]
Memory: 
[9306.61, 9301.2, 9301.2, 9301.2, 8774.92, 9260.28]
After Normalization: 
[(3, 0.12727362299969383), (2, 0.12763135042835713), (1, 0.12842282639993813), (4, 0.12863489499045827), (6, 0.14854687866594463), (5, 0.33949042651560807)]

Matrix: 8400, Time: 0.7318
Time: 
[0.0059, 0.0051, 0.005, 0.0063, 1.9738, 0.0941]
Memory: 
[9671.3, 9670.73, 9670.73, 9670.73, 9195.62, 9665.76]
After Normalization: 
[(3, 0.06865298554246192), (2, 0.06869261209923581), (1, 0.06892154163391531), (4, 0.06902933464201358), (6, 0.09419055083579328), (5, 0.63051297524658)]

Matrix: 8600, Time: 226.1816
Time: 
[687.1287, 683.7784, 688.3651, 885.1487, 700.8319, 706.1098]
Memory: 
[8765.28, 8370.25, 8370.25, 8627.07, 8201.01, 5448.02]
After Normalization: 
[(6, 0.14297140434554279), (2, 0.16435524687061398), (3, 0.16498770221993536), (5, 0.16528988107248488), (1, 0.16812409231349112), (4, 0.19427167317793187)]

Matrix: 8600, Time: 160.9515
Time: 
[349.6063, 353.8497, 350.1603, 355.0624, 362.4044, 366.3828]
Memory: 
[8934.62, 8652.45, 8652.45, 8652.45, 8370.42, 6564.96]
After Normalization: 
[(6, 0.15554760010005075), (3, 0.1677516287211645), (2, 0.16878727718735875), (5, 0.1689245261104238), (4, 0.16912767674318938), (1, 0.16986129113781284)]

Matrix: 8600, Time: 3.7101
Time: 
[0.7597, 0.7509, 0.7469, 0.7602, 3.4359, 1.0328]
Memory: 
[9594.74, 9589.06, 9589.06, 9589.06, 9037.09, 9546.31]
After Normalization: 
[(3, 0.12722048398521985), (2, 0.12753731435415877), (1, 0.12828078059198897), (4, 0.128286385976906), (6, 0.14982974840738544), (5, 0.3388452866843409)]

Matrix: 8600, Time: 0.7603
Time: 
[0.0063, 0.0054, 0.0053, 0.0064, 2.1174, 0.0706]
Memory: 
[9981.91, 9981.31, 9981.31, 9981.31, 9483.2, 9976.0]
After Normalization: 
[(3, 0.06866563628450088), (2, 0.06870884850502035), (1, 0.06895209355300533), (4, 0.06895537651135195), (6, 0.08634451839441153), (5, 0.6383735267517099)]

Matrix: 8800, Time: 235.0713
Time: 
[737.3925, 734.1564, 734.7243, 948.8788, 749.2269, 750.1048]
Memory: 
[9177.92, 8764.31, 8764.31, 9033.19, 8587.1, 5703.71]
After Normalization: 
[(6, 0.1422963220993712), (2, 0.16471027981532993), (3, 0.16478348215133964), (5, 0.1652361500267103), (1, 0.1684342887274965), (4, 0.19453947717975245)]

Matrix: 8800, Time: 168.0099
Time: 
[375.0478, 367.48, 368.5098, 374.5063, 377.942, 385.3801]
Memory: 
[9355.2, 9059.75, 9059.75, 9059.75, 8764.41, 6873.32]
After Normalization: 
[(6, 0.15551702959012734), (2, 0.16750450016027074), (3, 0.16777924832746888), (5, 0.1680313884996103), (4, 0.16937910769653092), (1, 0.1717887257259918)]

Matrix: 8800, Time: 3.8968
Time: 
[0.815, 0.8056, 0.8024, 0.888, 3.5969, 1.0717]
Memory: 
[10041.65, 10035.7, 10035.7, 10035.7, 9457.98, 9990.83]
After Normalization: 
[(3, 0.12769137875699493), (2, 0.12793346393067634), (1, 0.1286733572910923), (4, 0.13412728608792812), (6, 0.1476410198103141), (5, 0.3339334941229942)]

Matrix: 8800, Time: 0.7884
Time: 
[0.0072, 0.0058, 0.0057, 0.0068, 2.2274, 0.0983]
Memory: 
[10449.32, 10448.7, 10448.7, 10448.7, 9924.81, 10443.28]
After Normalization: 
[(3, 0.0686756399698523), (2, 0.06871062507329666), (4, 0.06897803246000363), (1, 0.06906583580442052), (6, 0.0922896818470406), (5, 0.6322801848453864)]

Matrix: 9000, Time: 70.7084
Time: 
[793.9005, 769.5046, 782.1374, 614.0162, 795.3692, 808.2282]
Memory: 
[865.24, 432.62, 432.62, 796.58, 2070.15, 865.24]
After Normalization: 
[(2, 0.13286008135901511), (3, 0.13452099293646122), (4, 0.13906704997942998), (1, 0.1677476172454311), (6, 0.16963157094501663), (5, 0.256172687534646)]

Matrix: 9000, Time: 182.6192
Time: 
[401.8255, 401.4007, 400.238, 403.9186, 406.5886, 420.2062]
Memory: 
[5937.26, 5628.24, 5628.24, 5628.24, 5319.39, 3340.65]
After Normalization: 
[(6, 0.14602169848354707), (5, 0.16780628844407944), (3, 0.17016513072207595), (2, 0.1704517145349727), (4, 0.17107236118465394), (1, 0.1744828066306709)]

Matrix: 9000, Time: 4.1748
Time: 
[0.8854, 0.8676, 0.8604, 0.8815, 3.251, 1.176]
Memory: 
[6649.16, 6642.95, 6642.95, 6642.95, 6037.71, 6596.15]
After Normalization: 
[(3, 0.13293076912538046), (2, 0.13347582057532525), (4, 0.13452836119588474), (1, 0.13488907776189357), (6, 0.15635566258634126), (5, 0.30782030875517474)]

Matrix: 9000, Time: 0.8374
Time: 
[0.0073, 0.0061, 0.006, 0.0074, 1.8254, 0.0851]
Memory: 
[7080.28, 7079.62, 7079.62, 7079.62, 6530.42, 7073.98]
After Normalization: 
[(3, 0.0693937828102466), (2, 0.06944384777285847), (1, 0.06982039444730821), (4, 0.06982944910735332), (6, 0.09386311417540837), (5, 0.627649411686825)]

Matrix: 9200, Time: 269.3343
Time: 
[833.6612, 841.7448, 839.0401, 1083.9932, 842.1955, 862.7308]
Memory: 
[9717.96, 9265.9, 9265.9, 9559.79, 9072.24, 5918.69]
After Normalization: 
[(6, 0.1424438004349325), (5, 0.1640108724552275), (3, 0.1651209605836476), (2, 0.16542695904163696), (1, 0.16793709153032715), (4, 0.1950603159542283)]

Matrix: 9200, Time: 189.6967
Time: 
[428.5109, 422.2507, 427.7151, 429.7725, 440.6086, 444.0279]
Memory: 
[9911.69, 9588.78, 9588.78, 9588.78, 9265.97, 7197.56]
After Normalization: 
[(6, 0.15496065471433093), (2, 0.16726738240865946), (3, 0.16853183759234125), (4, 0.1690079240874045), (5, 0.16917379146122746), (1, 0.17105840973603642)]

Matrix: 9200, Time: 4.4343
Time: 
[0.9512, 0.9416, 0.9424, 0.9548, 4.0352, 1.2684]
Memory: 
[10650.1, 10643.6, 10643.6, 10643.6, 10010.87, 10594.7]
After Normalization: 
[(2, 0.12950557243617294), (3, 0.12955960754247475), (1, 0.13018094037059696), (4, 0.1303793676008666), (6, 0.15076049839574346), (5, 0.32961401365414533)]

Matrix: 9200, Time: 0.8752
Time: 
[0.0076, 0.0065, 0.0063, 0.0075, 1.9127, 0.0982]
Memory: 
[11105.31, 11104.63, 11104.63, 11104.63, 10530.04, 11098.75]
After Normalization: 
[(3, 0.0691135467686104), (2, 0.06915887431274159), (4, 0.06945076542463195), (1, 0.06948113536772725), (6, 0.09611974145504348), (5, 0.6266759366712453)]

Matrix: 9400, Time: 279.2082
Time: 
[894.284, 898.4975, 893.0736, 1156.7079, 896.1991, 917.3361]
Memory: 
[10167.7, 9695.77, 9695.77, 10002.58, 9493.56, 6200.47]
After Normalization: 
[(6, 0.1421967557998427), (5, 0.1637933769380384), (3, 0.1649255903948146), (2, 0.16550095635255072), (1, 0.16847031103450513), (4, 0.1951130094802485)]

Matrix: 9400, Time: 201.9767
Time: 
[460.8688, 449.2731, 460.7577, 455.1998, 470.163, 474.5164]
Memory: 
[10370.01, 10032.9, 10032.9, 10032.9, 9695.94, 7536.06]
After Normalization: 
[(6, 0.15499684354501939), (2, 0.16683944692858677), (4, 0.16812284639815198), (5, 0.16902713733746144), (3, 0.1693263774324361), (1, 0.17168734835834437)]

Matrix: 9400, Time: 4.4898
Time: 
[0.9983, 0.9873, 0.9827, 0.9974, 3.5579, 1.3064]
Memory: 
[11135.92, 11129.14, 11129.14, 11129.14, 10468.99, 11078.1]
After Normalization: 
[(3, 0.13415056420627192), (2, 0.1344629960702179), (4, 0.135152936862346), (1, 0.1352541085484783), (6, 0.15583654664722085), (5, 0.30514284766546507)]

Matrix: 9400, Time: 0.9218
Time: 
[0.0092, 0.007, 0.0068, 0.0081, 1.9891, 0.0786]
Memory: 
[11616.39, 11615.68, 11615.68, 11615.68, 11016.31, 11609.44]
After Normalization: 
[(3, 0.06918034303129167), (2, 0.06925047849929994), (4, 0.069558691499605), (1, 0.06988921900507816), (6, 0.0896972372949981), (5, 0.6324240306697271)]

Matrix: 9600, Time: 290.3041
Time: 
[957.5293, 954.9019, 945.0706, 748.245, 963.7453, 977.7775]
Memory: 
[10452.71, 9960.48, 9960.48, 10374.6, 9749.54, 6314.07]
After Normalization: 
[(6, 0.15021366095313884), (4, 0.15397645108316602), (3, 0.17234965609235714), (5, 0.17288437084074226), (2, 0.1734130177876438), (1, 0.17716284324295195)]

Matrix: 9600, Time: 206.2239
Time: 
[482.1024, 480.4034, 482.2959, 486.1078, 493.2574, 498.2108]
Memory: 
[10663.75, 10312.15, 10312.15, 10312.15, 9960.7, 7707.13]
After Normalization: 
[(6, 0.1543041796436622), (2, 0.16822943163892318), (5, 0.16849655783533596), (3, 0.16861800159963947), (4, 0.16940062514423673), (1, 0.17095120413820247)]

Matrix: 9600, Time: 4.709
Time: 
[1.0644, 1.0524, 1.0501, 1.0684, 4.3921, 1.4074]
Memory: 
[11456.86, 11449.79, 11449.79, 11449.79, 10760.88, 11396.56]
After Normalization: 
[(3, 0.13017374996492984), (2, 0.13031282708974834), (1, 0.1310703557136188), (4, 0.13126779153560236), (6, 0.1512264842249553), (5, 0.3259487914711453)]

Matrix: 9600, Time: 0.9637
Time: 
[0.01, 0.0077, 0.0072, 0.0091, 2.6103, 0.0949]
Memory: 
[11957.39, 11956.65, 11956.65, 11956.65, 11325.28, 11950.29]
After Normalization: 
[(3, 0.0688339774227752), (2, 0.06894380101134669), (4, 0.06926084152875725), (1, 0.06946809979898333), (6, 0.08802009935210338), (5, 0.6354731808860342)]

Matrix: 9800, Time: 304.7649
Time: 
[1011.5481, 1008.1451, 1013.1039, 1309.7053, 1027.308, 1040.6534]
Memory: 
[10935.87, 10422.92, 10422.92, 10756.4, 10203.1, 6621.89]
After Normalization: 
[(6, 0.1420215961302444), (2, 0.1645909717510216), (5, 0.16490338931051213), (3, 0.1650551043499654), (1, 0.16836582312772908), (4, 0.1950631153305274)]

Matrix: 9800, Time: 215.0631
Time: 
[524.6871, 524.6006, 524.2116, 524.7267, 529.6682, 530.6719]
Memory: 
[11155.76, 10789.36, 10789.36, 10789.36, 10423.07, 8074.09]
After Normalization: 
[(6, 0.1528794748549263), (5, 0.16783841787073395), (3, 0.1691642355029931), (2, 0.1692381392918309), (4, 0.16926208198533124), (1, 0.17161765049418454)]

Matrix: 9800, Time: 4.905
Time: 
[1.1522, 1.1229, 1.1171, 1.1333, 4.6034, 1.4545]
Memory: 
[11976.53, 11969.17, 11969.17, 11969.17, 11251.17, 11913.58]
After Normalization: 
[(3, 0.13071584261111893), (2, 0.13104722567687252), (4, 0.13163563642680196), (1, 0.13274940434659077), (6, 0.1495295947653763), (5, 0.32432229617323943)]

Matrix: 9800, Time: 1.0812
Time: 
[0.0119, 0.0084, 0.0082, 0.0096, 2.8989, 0.1141]
Memory: 
[12503.96, 12503.19, 12503.19, 12503.19, 11845.45, 12496.58]
After Normalization: 
[(3, 0.0688713533733013), (2, 0.06891082994459699), (4, 0.0691590349598693), (1, 0.06960459638311238), (6, 0.08966227076831994), (5, 0.6337919145708001)]

Matrix: 10000, Time: 90.1248
Time: 
[1090.6564, 1077.4275, 1085.5525, 1393.172, 1099.1351, 1121.3765]
Memory: 
[1068.19, 534.09, 534.09, 881.31, 2555.58, 1068.19]
After Normalization: 
[(2, 0.12630248151201487), (3, 0.12701224576103642), (1, 0.15962579877723346), (6, 0.16230984832078943), (4, 0.1748010642352757), (5, 0.24994856139365013)]

Matrix: 10000, Time: 217.8446
Time: 
[552.7297, 552.4636, 544.5141, 548.9432, 557.3586, 555.8076]
Memory: 
[8151.17, 7769.66, 7769.66, 7769.66, 7388.26, 4941.75]
After Normalization: 
[(6, 0.14583563852858844), (5, 0.16846425501320628), (3, 0.16962104591527805), (4, 0.17042347343771494), (2, 0.17106125044315762), (1, 0.17459433666205465)]

Matrix: 10000, Time: 4.8856
Time: 
[1.2103, 1.2097, 1.1849, 1.2092, 4.088, 1.5659]
Memory: 
[8999.43, 8991.76, 8991.76, 8991.76, 8243.35, 8934.01]
After Normalization: 
[(3, 0.13558204439328742), (4, 0.13697615620418038), (2, 0.1370080125831472), (1, 0.13709684917554965), (6, 0.1569848780641504), (5, 0.29635205957968497)]

Matrix: 10000, Time: 1.0273
Time: 
[0.0109, 0.0083, 0.0081, 0.0105, 2.2826, 0.0884]
Memory: 
[9552.85, 9552.05, 9552.05, 9552.05, 8865.22, 9545.06]
After Normalization: 
[(3, 0.06948938648038229), (2, 0.06953944932122383), (4, 0.07009999706279467), (1, 0.07021243854972299), (6, 0.08946423571259492), (5, 0.6311944928732813)]

Matrix: 10200, Time: 313.2746
Time: 
[1151.1259, 1136.9965, 1139.773, 897.4052, 1153.6102, 1166.0213]
Memory: 
[11536.34, 10980.66, 10980.66, 11448.16, 10742.57, 6861.23]
After Normalization: 
[(6, 0.14916221136006608), (4, 0.15424074618702607), (5, 0.17286243098861057), (2, 0.17288487408387432), (3, 0.17313557708430732), (1, 0.17771416029611564)]

Matrix: 10200, Time: 229.329
Time: 
[574.0029, 573.5024, 575.4861, 584.2064, 588.6704, 594.0574]
Memory: 
[11774.5, 11377.58, 11377.58, 11377.58, 10980.78, 8434.74]
After Normalization: 
[(6, 0.15378203335666735), (2, 0.16826843151162585), (5, 0.1684463720857391), (3, 0.16860946886330108), (4, 0.17010870187485239), (1, 0.17078499230781422)]

Matrix: 10200, Time: 5.33
Time: 
[1.2848, 1.2624, 1.26, 1.282, 4.2993, 1.6482]
Memory: 
[12651.48, 12643.5, 12643.5, 12643.5, 11865.11, 12583.32]
After Normalization: 
[(3, 0.13590382820430305), (2, 0.13603239199677808), (4, 0.13709755581963448), (1, 0.13729599616388338), (6, 0.15668793636422035), (5, 0.29698229145118066)]

Matrix: 10200, Time: 1.0699
Time: 
[0.0128, 0.009, 0.0085, 0.0105, 2.3637, 0.1091]
Memory: 
[13230.69, 13229.86, 13229.86, 13229.86, 12513.32, 13222.74]
After Normalization: 
[(3, 0.06930354913917748), (2, 0.06942630777665637), (4, 0.0697760280117627), (1, 0.07034135914170535), (6, 0.0932864329242784), (5, 0.6278663230064196)]

Matrix: 10400, Time: 338.6644
Time: 
[1205.517, 1214.9949, 1214.3205, 1568.4723, 1226.9589, 1240.2205]
Memory: 
[12061.66, 11483.99, 11483.99, 11859.54, 11236.43, 7200.38]
After Normalization: 
[(6, 0.14110136172919802), (5, 0.16477727567324318), (3, 0.16530450957712334), (2, 0.16535726067651313), (1, 0.16815308104076734), (4, 0.195306511303155)]

Matrix: 10400, Time: 241.3238
Time: 
[614.6246, 614.0961, 616.7863, 614.0444, 628.116, 633.3634]
Memory: 
[12309.3, 11896.66, 11896.66, 11896.66, 11484.14, 8836.47]
After Normalization: 
[(6, 0.15386294600241635), (5, 0.16851843172723152), (4, 0.1686646751942561), (2, 0.16867300600030014), (3, 0.16910679449213809), (1, 0.17117414658365784)]

Matrix: 10400, Time: 5.384
Time: 
[1.3654, 1.3393, 1.3323, 1.3576, 5.1744, 1.7599]
Memory: 
[13214.59, 13206.29, 13206.29, 13206.29, 12396.49, 13143.86]
After Normalization: 
[(3, 0.1322412825423298), (2, 0.13257797568418633), (4, 0.13347115543702254), (1, 0.13389257837981902), (6, 0.15272965961529278), (5, 0.31508734834134944)]

Matrix: 10400, Time: 1.0915
Time: 
[0.0132, 0.0095, 0.0092, 0.0106, 2.4678, 0.0953]
Memory: 
[13823.93, 13823.06, 13823.06, 13823.06, 13079.08, 13815.56]
After Normalization: 
[(3, 0.0693837807958548), (2, 0.06947057906824078), (4, 0.06971005444333753), (1, 0.07031993297953257), (6, 0.08919183009515688), (5, 0.6319238226178775)]

Matrix: 10600, Time: 348.5943
Time: 
[1289.5395, 1284.1657, 1287.976, 1660.7449, 1301.3474, 1311.8004]
Memory: 
[12376.92, 11776.81, 11776.81, 12166.96, 11519.64, 7325.95]
After Normalization: 
[(6, 0.14051969410571352), (5, 0.16480703809733016), (2, 0.16507654830556637), (3, 0.16535755360240906), (1, 0.16905864179462343), (4, 0.19518052409435743)]

Matrix: 10600, Time: 246.8209
Time: 
[652.0206, 655.2833, 647.9247, 653.8161, 663.8562, 666.2053]
Memory: 
[12634.21, 12205.55, 12205.55, 12205.55, 11777.05, 9026.0]
After Normalization: 
[(6, 0.15301303750493256), (5, 0.16836343961071995), (3, 0.16838345555915785), (4, 0.16928082310520337), (2, 0.1695043118641676), (1, 0.17145493235581874)]

Matrix: 10600, Time: 5.6733
Time: 
[1.4368, 1.4204, 1.4121, 1.4383, 4.709, 1.8282]
Memory: 
[13569.01, 13560.4, 13560.4, 13560.39, 12719.57, 13495.54]
After Normalization: 
[(3, 0.13660280501785133), (2, 0.13700777037633838), (1, 0.13785878954099223), (4, 0.13788937261763845), (6, 0.1566691203318004), (5, 0.29397214211537914)]

Matrix: 10600, Time: 1.1551
Time: 
[0.0136, 0.0102, 0.0095, 0.0113, 2.5893, 0.1113]
Memory: 
[14204.52, 14203.62, 14203.62, 14203.62, 13427.83, 14195.86]
After Normalization: 
[(3, 0.06935862525613923), (2, 0.06952329331061483), (4, 0.0697490854434052), (1, 0.07025771532722751), (6, 0.09156349480239756), (5, 0.6295477858602156)]

Matrix: 10800, Time: 361.7907
Time: 
[1363.1366, 1365.5739, 1365.4617, 1067.0533, 1376.6683, 1388.4573]
Memory: 
[12698.35, 12075.38, 12075.38, 12599.5, 11808.42, 7454.03]
After Normalization: 
[(6, 0.1484953669280072), (4, 0.15412029719758838), (5, 0.1729519355621425), (3, 0.17365777766307194), (2, 0.17366626645036726), (1, 0.17710835619882276)]

Matrix: 10800, Time: 260.6812
Time: 
[689.5922, 689.127, 687.4196, 694.3799, 700.1977, 694.5243]
Memory: 
[12965.36, 12520.37, 12520.37, 12520.37, 12075.46, 9218.98]
After Normalization: 
[(6, 0.15163076506607154), (5, 0.1683589184845179), (3, 0.16899167763799966), (2, 0.1692382168717354), (4, 0.1699967139143366), (1, 0.17178370802533893)]

Matrix: 10800, Time: 5.8298
Time: 
[1.6365, 1.5036, 1.4975, 1.5202, 5.7452, 1.9174]
Memory: 
[13929.32, 13920.38, 13920.38, 13920.38, 13047.09, 13852.95]
After Normalization: 
[(3, 0.13243037738402458), (2, 0.13269597614448086), (4, 0.1334181945434764), (1, 0.13850898053117755), (6, 0.15033321015929768), (5, 0.3126132612375429)]

Matrix: 10800, Time: 1.1875
Time: 
[0.015, 0.0108, 0.0101, 0.0124, 2.7051, 0.1323]
Memory: 
[14592.89, 14591.96, 14591.96, 14591.96, 13784.13, 14584.05]
After Normalization: 
[(3, 0.06939514802295785), (2, 0.06954247665056591), (4, 0.06986682731165925), (1, 0.07040729682763346), (6, 0.09476456973168947), (5, 0.626023681455494)]

Matrix: 11000, Time: 107.0466
Time: 
[1437.6181, 1436.4916, 1429.7741, 1855.0166, 1464.125, 1478.33]
Memory: 
[1292.5, 646.25, 646.25, 1066.37, 3092.38, 1292.5]
After Normalization: 
[(3, 0.12642341449033928), (2, 0.1268663583821212), (1, 0.15910753004953487), (6, 0.16179145088468433), (4, 0.1753687135135194), (5, 0.25044253267980093)]

Matrix: 11000, Time: 264.3316
Time: 
[736.0667, 738.5207, 729.4315, 733.3616, 753.9095, 754.9004]
Memory: 
[9508.07, 9046.45, 9046.45, 9046.45, 8584.92, 5621.03]
After Normalization: 
[(6, 0.1460851437449718), (5, 0.1692646267746135), (3, 0.16959173269282946), (4, 0.170122084599726), (2, 0.1708182862664479), (1, 0.17411812592141135)]

Matrix: 11000, Time: 6.1053
Time: 
[1.5983, 1.5908, 1.6872, 1.7317, 5.1522, 2.0174]
Memory: 
[10501.87, 10492.59, 10492.59, 10492.59, 9586.68, 10422.64]
After Normalization: 
[(2, 0.1369847136128018), (1, 0.13737107680039423), (3, 0.1411822660501677), (4, 0.14311916655988516), (6, 0.1551088714878387), (5, 0.2862339054889125)]

Matrix: 11000, Time: 1.2338
Time: 
[0.0158, 0.0114, 0.0108, 0.0128, 2.7992, 0.1339]
Memory: 
[11194.11, 11193.15, 11193.15, 11193.15, 10352.96, 11184.96]
After Normalization: 
[(3, 0.0696933931023895), (2, 0.06980495042255801), (4, 0.07008952540585632), (1, 0.07070409924413276), (6, 0.09439451796255353), (5, 0.6253135138625098)]

Matrix: 11200, Time: 379.3448
Time: 
[1530.5671, 1521.444, 1523.3727, 1961.825, 1539.3092, 1550.748]
Memory: 
[13602.18, 12932.22, 12932.22, 13367.78, 12645.11, 7960.26]
After Normalization: 
[(6, 0.14000391109874827), (5, 0.16480771051459717), (2, 0.1652580847360816), (3, 0.1653782874986196), (1, 0.1694757223722697), (4, 0.19507628377968356)]

Matrix: 11200, Time: 274.7166
Time: 
[771.6611, 764.9782, 764.7441, 766.0342, 779.3479, 785.3409]
Memory: 
[13889.37, 13410.81, 13410.81, 13410.81, 12932.38, 9858.91]
After Normalization: 
[(6, 0.15299875513063302), (5, 0.16820658404292754), (3, 0.1688031109300332), (2, 0.16883343459145544), (4, 0.168970219311617), (1, 0.17218789599333384)]

Matrix: 11200, Time: 6.2503
Time: 
[1.684, 1.6718, 1.6638, 1.6854, 6.1104, 2.1402]
Memory: 
[14913.87, 14904.26, 14904.26, 14904.26, 13965.64, 14831.88]
After Normalization: 
[(3, 0.13416972718965503), (2, 0.13449418342793373), (1, 0.1350250976497835), (4, 0.1350373449894327), (6, 0.15295695735982448), (5, 0.30831668938337053)]

Matrix: 11200, Time: 1.2799
Time: 
[0.0163, 0.0121, 0.0113, 0.0133, 2.901, 0.128]
Memory: 
[15636.55, 15635.55, 15635.55, 15635.55, 14764.03, 15627.08]
After Normalization: 
[(3, 0.06949169141194533), (2, 0.06966250074215778), (4, 0.06988218521259508), (1, 0.0704665010102902), (6, 0.09218341566849744), (5, 0.6283137059545142)]

Matrix: 11400, Time: 401.3977
Time: 
[1602.9313, 1613.1102, 1606.5885, 1253.4191, 1629.6888, 1623.7805]
Memory: 
[15989.66, 15295.55, 15295.55, 15879.51, 14998.1, 10143.49]
After Normalization: 
[(6, 0.15074488226056693), (4, 0.1531175448723232), (3, 0.17316414527352825), (5, 0.17329155398256668), (2, 0.17358356731770008), (1, 0.1760983062933149)]

Matrix: 11400, Time: 279.5635
Time: 
[800.635, 800.5157, 801.7791, 804.2644, 821.8147, 824.1749]
Memory: 
[16287.2, 15791.4, 15791.4, 15791.4, 15295.72, 12110.97]
After Normalization: 
[(6, 0.15508814719321326), (2, 0.1683287327299705), (3, 0.16848492520629665), (5, 0.16878479312588546), (4, 0.16879219054812028), (1, 0.17052121119651384)]

Matrix: 11400, Time: 6.5134
Time: 
[1.7361, 1.7202, 1.7107, 1.7456, 5.5454, 2.1535]
Memory: 
[17342.0, 17332.04, 17332.04, 17332.04, 16359.4, 17256.95]
After Normalization: 
[(3, 0.13758708450880106), (2, 0.13797622158308437), (1, 0.13866918484309854), (4, 0.1390186588629695), (6, 0.1554761788125027), (5, 0.29127267138954377)]

Matrix: 11400, Time: 1.3197
Time: 
[0.0176, 0.0126, 0.0118, 0.0144, 3.0442, 0.1401]
Memory: 
[18095.39, 18094.35, 18094.35, 18094.35, 17189.68, 18085.6]
After Normalization: 
[(3, 0.06941494873613904), (2, 0.0695572598845186), (4, 0.06990363611961958), (1, 0.07049548910709406), (6, 0.09314063020809671), (5, 0.6274880359445321)]

Matrix: 11600, Time: 118.897
Time: 
[1414.4441, 1410.266, 1409.1537, 2103.712, 1426.9223, 1477.8677]
Memory: 
[1437.35, 718.67, 718.67, 1185.89, 3438.94, 1437.35]
After Normalization: 
[(3, 0.12364656303166349), (2, 0.12371887896690764), (1, 0.15615689724377455), (6, 0.16027425296349818), (4, 0.18964820889389372), (5, 0.2465551989002624)]

Matrix: 11600, Time: 310.7965
Time: 
[730.6708, 731.5171, 722.9536, 727.9311, 740.7919, 767.9206]
Memory: 
[10881.53, 10368.18, 10368.18, 10368.18, 9854.87, 6556.62]
After Normalization: 
[(6, 0.14911073205422348), (5, 0.1680213525037162), (3, 0.16911677304537903), (4, 0.1697921784719043), (2, 0.17027878093526932), (1, 0.17368018298950766)]

Matrix: 11600, Time: 6.9971
Time: 
[1.8662, 1.8493, 1.8386, 1.9176, 5.6627, 2.8013]
Memory: 
[11966.37, 11956.06, 11956.06, 11956.06, 10948.17, 11878.15]
After Normalization: 
[(3, 0.13690795890975094), (2, 0.13730850215696827), (1, 0.13800483942183697), (4, 0.13988076347000394), (6, 0.17271363924625094), (5, 0.2751842967951889)]

Matrix: 11600, Time: 1.4581
Time: 
[0.0183, 0.014, 0.0128, 0.015, 2.9866, 0.1993]
Memory: 
[12753.7, 12752.63, 12752.63, 12752.63, 11816.04, 12743.43]
After Normalization: 
[(3, 0.06985835198039986), (2, 0.0700862874025364), (4, 0.07026543539984025), (1, 0.07088977502394227), (6, 0.10429749063359474), (5, 0.6146026595596865)]

Matrix: 11800, Time: 437.015
Time: 
[1499.151, 1486.0279, 1491.5693, 2216.2502, 1518.9871, 1544.3037]
Memory: 
[17703.87, 16960.2, 16960.2, 17443.67, 16641.64, 11438.14]
After Normalization: 
[(6, 0.14206868200731773), (2, 0.16122154405893804), (3, 0.1615623352455569), (5, 0.16193684480229253), (1, 0.16509060942706116), (4, 0.20811998445883362)]

Matrix: 11800, Time: 314.1074
Time: 
[749.651, 753.3357, 746.7123, 751.6918, 766.9081, 793.9595]
Memory: 
[18022.51, 17491.31, 17491.31, 17491.31, 16960.24, 13546.38]
After Normalization: 
[(6, 0.15806404440173977), (3, 0.16747339599863736), (5, 0.16802624447882347), (4, 0.1681282647466637), (2, 0.16834446549140214), (1, 0.1699635848827336)]

Matrix: 11800, Time: 7.3261
Time: 
[1.9333, 1.9282, 1.911, 1.9838, 5.9161, 2.9345]
Memory: 
[19139.02, 19128.35, 19128.35, 19128.35, 18086.06, 19047.87]
After Normalization: 
[(3, 0.13636304467185334), (2, 0.136983673608695), (1, 0.13720436205178277), (4, 0.13899375434519723), (6, 0.17305796990418093), (5, 0.2773971954182908)]

Matrix: 11800, Time: 1.481
Time: 
[0.0185, 0.0136, 0.0129, 0.0153, 3.1336, 0.1683]
Memory: 
[19955.74, 19954.63, 19954.63, 19954.63, 18981.7, 19944.99]
After Normalization: 
[(3, 0.06952683419381589), (2, 0.06964060512872423), (4, 0.06994226189520922), (1, 0.0705163797476877), (6, 0.09722105281387243), (5, 0.6231528662206905)]

Matrix: 12000, Time: 127.0513
Time: 
[1853.8498, 1874.1859, 1857.1263, 1461.5058, 1895.7191, 1916.22]
Memory: 
[1538.18, 769.09, 769.09, 1416.12, 3680.31, 1538.18]
After Normalization: 
[(3, 0.13429590773943623), (2, 0.13523863402058917), (4, 0.13908734898504707), (1, 0.16579426065608627), (6, 0.16924058307791917), (5, 0.25634326552092207)]

Matrix: 12000, Time: 328.3258
Time: 
[954.8923, 950.5995, 956.8245, 961.6209, 976.7223, 985.3807]
Memory: 
[10833.71, 10284.35, 10284.35, 10284.35, 9735.08, 6204.05]
After Normalization: 
[(6, 0.1452462255559262), (5, 0.1688583505637516), (2, 0.16996214142063934), (3, 0.17060765330990127), (4, 0.17110503670581076), (1, 0.17422059244397087)]

Matrix: 12000, Time: 7.4839
Time: 
[2.0726, 2.0414, 2.0298, 2.0748, 7.2448, 2.5803]
Memory: 
[11981.22, 11970.18, 11970.18, 11970.18, 10891.79, 11887.14]
After Normalization: 
[(3, 0.13524838940422534), (2, 0.13563320831573988), (1, 0.13673317154597137), (4, 0.1367451544925046), (6, 0.15308423248048914), (5, 0.3025558437610697)]

Matrix: 12000, Time: 1.4777
Time: 
[0.0201, 0.0148, 0.014, 0.0167, 3.2958, 0.1375]
Memory: 
[12830.85, 12829.7, 12829.7, 12829.7, 11821.49, 12820.06]
After Normalization: 
[(3, 0.06995880390549608), (2, 0.07008930718834663), (4, 0.07042112322477104), (1, 0.07101405018328873), (6, 0.0910927145945248), (5, 0.6274240009035728)]

Matrix: 12200, Time: 479.6223
Time: 
[1987.0963, 1966.7595, 1976.9911, 2532.3836, 1986.9167, 2014.0434]
Memory: 
[17681.52, 16886.59, 16886.59, 17403.39, 16545.96, 10981.93]
After Normalization: 
[(6, 0.14252661172166492), (5, 0.16431144451528912), (2, 0.16475469315078933), (3, 0.16524721874115467), (1, 0.16903264501874765), (4, 0.19412738685235437)]

Matrix: 12200, Time: 331.8054
Time: 
[1007.9286, 1005.8915, 1002.855, 1002.0047, 1018.2219, 1029.7744]
Memory: 
[18022.33, 17454.5, 17454.5, 17454.5, 16886.91, 13236.53]
After Normalization: 
[(6, 0.15452349844590688), (5, 0.16790848688303184), (4, 0.16856346297069727), (3, 0.16864755050298913), (2, 0.16894786718443322), (1, 0.17140913401294167)]

Matrix: 12200, Time: 7.5117
Time: 
[2.1727, 2.1469, 2.1343, 2.1627, 6.4809, 2.693]
Memory: 
[19201.63, 19190.23, 19190.23, 19190.23, 18075.61, 19104.4]
After Normalization: 
[(3, 0.13934318762991346), (2, 0.13976714228618392), (4, 0.14030139267023387), (1, 0.14067922421753637), (6, 0.1578857620800435), (5, 0.2820232911160888)]

Matrix: 12200, Time: 1.5408
Time: 
[0.0218, 0.0159, 0.0145, 0.0171, 3.4743, 0.1345]
Memory: 
[20086.16, 20084.98, 20084.98, 20084.98, 19042.81, 20075.05]
After Normalization: 
[(3, 0.0696254951402004), (2, 0.06985312280465553), (4, 0.07004967595362585), (1, 0.07081321211034346), (6, 0.08916506665523737), (5, 0.6304934273359374)]

Matrix: 12400, Time: 492.6976
Time: 
[2054.9081, 2047.8014, 2061.8066, 2659.1731, 2072.3063, 2096.8229]
Memory: 
[18358.78, 17537.56, 17537.56, 18071.44, 17185.68, 11436.84]
After Normalization: 
[(6, 0.14251886344149864), (5, 0.16435271088994044), (2, 0.1646268223240302), (3, 0.16527357460562322), (1, 0.16823566869106948), (4, 0.194992360047838)]

Matrix: 12400, Time: 341.5424
Time: 
[1042.597, 1032.2656, 1032.5438, 1035.6628, 1048.2461, 1052.6104]
Memory: 
[18710.75, 18124.16, 18124.16, 18124.16, 17537.7, 13765.95]
After Normalization: 
[(6, 0.15389864133473524), (5, 0.16793223960040227), (2, 0.16864384276276534), (3, 0.16867057627946114), (4, 0.16897029617937478), (1, 0.1718844038432613)]

Matrix: 12400, Time: 7.8392
Time: 
[2.2431, 2.2289, 2.2112, 2.241, 7.6607, 2.7859]
Memory: 
[19923.1, 19911.33, 19911.33, 19911.32, 18760.65, 19822.66]
After Normalization: 
[(3, 0.13584909691916972), (2, 0.13639720505100444), (4, 0.1367731549098165), (1, 0.13687781312250863), (6, 0.15334941817659786), (5, 0.30075331182090287)]

Matrix: 12400, Time: 1.5794
Time: 
[0.0226, 0.0172, 0.016, 0.0193, 3.5851, 0.1413]
Memory: 
[20842.79, 20841.57, 20841.57, 20841.57, 19765.06, 20831.33]
After Normalization: 
[(3, 0.06977973461625721), (2, 0.06995757537878242), (4, 0.07030012316857598), (1, 0.07081707716934482), (6, 0.08951968432707477), (5, 0.6296258053399647)]

Matrix: 12600, Time: 140.9512
Time: 
[2152.544, 2143.6685, 2138.3632, 1691.3001, 2149.9571, 2195.1885]
Memory: 
[1695.84, 847.92, 847.91, 1561.27, 4057.65, 1695.84]
After Normalization: 
[(3, 0.1345586582138586), (2, 0.1348139829761323), (4, 0.13970121515778416), (1, 0.16691992064994246), (6, 0.16897162526115983), (5, 0.25503459774112264)]

Matrix: 12600, Time: 361.6976
Time: 
[1111.9952, 1099.568, 1116.8186, 1095.8896, 1159.1226, 1159.6463]
Memory: 
[11777.44, 11171.77, 11171.77, 11171.77, 10566.2, 6671.28]
After Normalization: 
[(6, 0.14586160273375356), (4, 0.16897771658179045), (2, 0.16930502900505523), (5, 0.1707304360131972), (3, 0.1708399967818387), (1, 0.1742852188843649)]

Matrix: 12600, Time: 8.0268
Time: 
[2.393, 2.4197, 2.3839, 2.3793, 7.1693, 3.0078]
Memory: 
[13021.17, 13009.01, 13009.01, 13009.01, 11819.78, 12917.48]
After Normalization: 
[(4, 0.14003984856442525), (3, 0.14018037368563369), (1, 0.1405177398697273), (2, 0.14126661668608378), (6, 0.1586542977497042), (5, 0.2793411234444258)]

Matrix: 12600, Time: 1.634
Time: 
[0.0233, 0.0192, 0.018, 0.022, 3.7409, 0.1439]
Memory: 
[13975.62, 13974.36, 13974.36, 13974.36, 12859.84, 13963.8]
After Normalization: 
[(3, 0.07030024473266734), (2, 0.07047198624132436), (4, 0.0708932079203037), (1, 0.07110843376047059), (6, 0.08927812713244476), (5, 0.6279480002127893)]

Matrix: 12800, Time: 532.9751
Time: 
[2323.1567, 2303.0237, 2318.2244, 2991.2978, 2402.7202, 2407.0008]
Memory: 
[19116.42, 18241.37, 18241.37, 18810.26, 17866.42, 11738.77]
After Normalization: 
[(6, 0.14308506620370237), (2, 0.16386065652504367), (3, 0.16447918179012114), (5, 0.16647545052675006), (1, 0.1680449825544894), (4, 0.19405466239989339)]

Matrix: 12800, Time: 382.3309
Time: 
[1196.104, 1194.238, 1193.0837, 1188.5372, 1223.0657, 1228.4166]
Memory: 
[19491.42, 18866.37, 18866.37, 18866.37, 18241.42, 14221.11]
After Normalization: 
[(6, 0.1544382091137385), (4, 0.16824273962696581), (3, 0.16862038383375813), (2, 0.16871626584199784), (5, 0.16880793650718073), (1, 0.17117446507635897)]

Matrix: 12800, Time: 8.6254
Time: 
[2.4888, 2.46, 2.4487, 2.4782, 8.1306, 3.0984]
Memory: 
[20767.26, 20754.71, 20754.71, 20754.71, 19526.83, 20660.26]
After Normalization: 
[(3, 0.13699021130641065), (2, 0.1373120526711937), (4, 0.13783014910349795), (1, 0.13817137785205436), (6, 0.15515679118680364), (5, 0.2945394178800397)]

Matrix: 12800, Time: 1.722
Time: 
[0.0243, 0.0192, 0.018, 0.021, 4.0569, 0.1474]
Memory: 
[21756.96, 21755.66, 21755.66, 21755.66, 20602.77, 21744.79]
After Normalization: 
[(3, 0.06977961127275482), (2, 0.06994903647089934), (4, 0.07020415748882751), (1, 0.07066752928915856), (6, 0.08786369513226086), (5, 0.6315359703460989)]

Matrix: 13000, Time: 146.1256
Time: 
[2336.6086, 2345.5512, 2342.9916, 3046.8303, 2386.4164, 2415.7876]
Memory: 
[1805.22, 902.61, 902.6, 1489.39, 4319.15, 1805.22]
After Normalization: 
[(3, 0.12667882059159113), (2, 0.1267821437024878), (1, 0.15858803506634525), (6, 0.16178199592217435), (4, 0.17598189031602907), (5, 0.2501871144013724)]

Matrix: 13000, Time: 372.2775
Time: 
[1220.8643, 1214.6765, 1233.6916, 1242.473, 1270.4361, 1274.2518]
Memory: 
[12282.5, 11637.76, 11637.76, 11637.76, 10993.13, 6845.66]
After Normalization: 
[(6, 0.14464103376731627), (2, 0.16932135108439256), (5, 0.1698433336462587), (3, 0.17085145257840112), (4, 0.17155807369065618), (1, 0.1737847552329752)]

Matrix: 13000, Time: 8.6503
Time: 
[2.7206, 2.5802, 2.5693, 2.6061, 8.1534, 3.3196]
Memory: 
[13590.76, 13577.82, 13577.82, 13577.82, 12310.67, 13480.4]
After Normalization: 
[(3, 0.13802476567884614), (2, 0.13832374491378868), (4, 0.1390318397554916), (1, 0.14222510559838453), (6, 0.15804905092316224), (5, 0.28434549313032687)]

Matrix: 13000, Time: 1.9627
Time: 
[0.0265, 0.0203, 0.019, 0.0223, 4.254, 0.157]
Memory: 
[14620.6, 14619.26, 14619.26, 14619.26, 13431.51, 14608.07]
After Normalization: 
[(3, 0.07012920141999855), (2, 0.07029078576477965), (4, 0.0705613001387269), (1, 0.07113612324077509), (6, 0.0884695404709483), (5, 0.6294130489647715)]

Matrix: 13200, Time: 545.2872
Time: 
[2546.8826, 2526.0142, 2517.1308, 1985.7107, 2596.9237, 2608.3079]
Memory: 
[20244.04, 19313.44, 19313.44, 20096.36, 18914.69, 12396.06]
After Normalization: 
[(6, 0.15084129285370054), (4, 0.1534988639105549), (3, 0.17223085736502097), (2, 0.1725914617907197), (5, 0.1740235150155875), (1, 0.1768140090644164)]

Matrix: 13200, Time: 387.7575
Time: 
[1305.8475, 1295.4752, 1291.8949, 1306.5477, 1337.5395, 1340.5816]
Memory: 
[20642.99, 19978.27, 19978.27, 19978.27, 19313.8, 15036.82]
After Normalization: 
[(6, 0.1544367050394719), (3, 0.16792693168198625), (2, 0.1681996179644326), (4, 0.16904292843467478), (5, 0.1690906970008052), (1, 0.17130311987862923)]

Matrix: 13200, Time: 8.8535
Time: 
[2.7996, 2.7027, 2.7153, 2.7626, 8.5177, 3.391]
Memory: 
[21985.39, 21972.05, 21972.05, 21972.05, 20666.37, 21871.61]
After Normalization: 
[(2, 0.13822555631655142), (3, 0.1385572270407317), (4, 0.13979684353937233), (1, 0.1408069918723234), (6, 0.1559599912942936), (5, 0.28665338993672757)]

Matrix: 13200, Time: 1.9635
Time: 
[0.0273, 0.0206, 0.0193, 0.0223, 5.4171, 0.151]
Memory: 
[23049.06, 23047.68, 23047.68, 23047.68, 21819.02, 23036.17]
After Normalization: 
[(3, 0.06931694644689729), (2, 0.0694554552188456), (4, 0.06963282565581615), (1, 0.07017083911165907), (6, 0.0832535939177667), (5, 0.6381703396490153)]

Matrix: 13400, Time: 555.2897
Time: 
[2673.1686, 2640.4259, 2658.286, 3418.8766, 2720.487, 2725.452]
Memory: 
[20643.97, 19684.97, 19684.97, 20308.42, 19273.99, 12555.51]
After Normalization: 
[(6, 0.141905817530396), (2, 0.16430367593366335), (3, 0.1649401444153294), (5, 0.1656909668868165), (1, 0.16889089264566787), (4, 0.1942685025881269)]

Matrix: 13400, Time: 401.9606
Time: 
[1317.6059, 1324.7172, 1321.1715, 1325.934, 1347.8973, 1356.3017]
Memory: 
[21055.11, 20370.09, 20370.09, 20370.09, 19685.27, 15277.11]
After Normalization: 
[(6, 0.15397618688185036), (5, 0.16839956076290558), (3, 0.16873221947146572), (2, 0.1689983614726811), (4, 0.16908969375312027), (1, 0.170803977657977)]

Matrix: 13400, Time: 8.9293
Time: 
[2.8492, 2.8178, 2.7988, 2.8332, 9.0504, 3.5102]
Memory: 
[22430.9, 22417.15, 22417.15, 22417.15, 21071.29, 22313.66]
After Normalization: 
[(3, 0.13776778419657726), (2, 0.13824548293524458), (4, 0.13863321824427774), (1, 0.13907686535876645), (6, 0.1553463884730278), (5, 0.29093026079210615)]

Matrix: 13400, Time: 1.8098
Time: 
[0.0283, 0.0248, 0.0208, 0.0244, 5.1648, 0.1703]
Memory: 
[23537.0, 23535.58, 23535.58, 23535.58, 22271.97, 23523.73]
After Normalization: 
[(3, 0.06957046063040165), (4, 0.06996388241249364), (2, 0.07001306418682518), (1, 0.07040517896114422), (6, 0.08604059883902711), (5, 0.6340068149701081)]

Training data store Done (spmvDataS_10000.csv)